time_step, score
0, 0.875
1, 0.875
2, 0.875
3, 0.875
4, 0.875
5, 0.875
6, 0.875
7, 0.875
8, 0.875
9, 0.875
10, 0.875
11, 0.875
12, 0.875
13, 0.875
14, 0.875
15, 0.875
16, 0.875
17, 0.875
18, 0.875
19, 0.875
20, 0.875
21, 0.875
22, 0.875
23, 0.875
24, 0.875
25, 0.875
26, 0.875
27, 0.875
28, 0.875
29, 0.875
30, 0.875
31, 0.875
32, 0.875
33, 0.875
34, 0.875
35, 0.875
36, 0.875
37, 0.875
38, 0.875
39, 0.875
40, 0.875
41, 0.875
42, 0.875
43, 0.875
44, 0.875
45, 0.875
46, 0.875
47, 0.875
48, 0.875
49, 0.875
50, 0.875
51, 0.875
52, 0.875
53, 0.875
54, 0.875
55, 0.875
56, 0.875
57, 0.875
58, 0.875
59, 0.875
60, 0.875
61, 0.875
62, 0.875
63, 0.875
64, 0.875
65, 0.875
66, 0.875
67, 0.875
68, 0.875
69, 0.875
70, 0.875
71, 0.875
72, 0.875
73, 0.875
74, 0.875
75, 0.875
76, 0.875
77, 0.875
78, 0.875
79, 0.875
80, 0.875
81, 0.875
82, 0.875
83, 0.875
84, 0.875
85, 0.875
86, 0.875
87, 0.875
88, 0.875
89, 0.875
90, 0.875
91, 0.875
92, 0.875
93, 0.875
94, 0.875
95, 0.875
96, 0.875
97, 0.875
98, 0.875
99, 0.875
100, 0.875
101, 0.875
102, 0.875
103, 0.875
104, 0.875
105, 0.875
106, 0.875
107, 0.875
108, 0.875
109, 0.875
110, 0.875
111, 0.875
112, 0.875
113, 0.875
114, 0.875
115, 0.875
116, 0.875
117, 0.875
118, 0.875
119, 0.875
120, 0.875
121, 0.875
122, 0.875
123, 0.875
124, 0.875
125, 0.875
126, 0.875
127, 0.875
128, 0.875
129, 0.875
130, 0.875
131, 0.875
132, 0.875
133, 0.875
134, 0.875
135, 0.875
136, 0.875
137, 0.875
138, 0.875
139, 0.875
140, 0.875
141, 0.875
142, 0.875
143, 0.875
144, 0.875
145, 0.875
146, 0.875
147, 0.875
148, 0.875
149, 0.875
150, 0.875
151, 0.875
152, 0.875
153, 0.875
154, 0.875
155, 0.875
156, 0.875
157, 0.875
158, 0.875
159, 0.875
160, 0.875
161, 0.875
162, 0.875
163, 0.875
164, 0.875
165, 0.875
166, 0.875
167, 0.875
168, 0.875
169, 0.875
170, 0.875
171, 0.875
172, 0.875
173, 0.875
174, 0.875
175, 0.875
176, 0.875
177, 0.875
178, 0.875
179, 0.875
180, 0.875
181, 0.875
182, 0.875
183, 0.875
184, 0.875
185, 0.875
186, 0.875
187, 0.875
188, 0.875
189, 0.875
190, 0.875
191, 0.875
192, 0.875
193, 0.875
194, 0.875
195, 0.875
196, 0.875
197, 0.875
198, 0.875
199, 0.875
200, 0.875
201, 0.875
202, 0.875
203, 0.875
204, 0.875
205, 0.875
206, 0.875
207, 0.875
208, 0.875
209, 0.875
210, 0.875
211, 0.875
212, 0.875
213, 0.875
214, 0.875
215, 0.875
216, 0.875
217, 0.875
218, 0.875
219, 0.875
220, 0.875
221, 0.875
222, 0.875
223, 0.875
224, 0.875
225, 0.875
226, 0.875
227, 0.875
228, 0.875
229, 0.875
230, 0.875
231, 0.875
232, 0.875
233, 0.875
234, 0.875
235, 0.875
236, 0.875
237, 0.875
238, 0.875
239, 0.875
240, 0.875
241, 0.875
242, 0.875
243, 0.875
244, 0.875
245, 0.875
246, 0.875
247, 0.875
248, 0.875
249, 0.875
250, 0.875
251, 0.875
252, 0.875
253, 0.875
254, 0.875
255, 0.875
256, 0.875
257, 0.875
258, 0.875
259, 0.875
260, 0.875
261, 0.875
262, 0.875
263, 0.875
264, 0.875
265, 0.875
266, 0.875
267, 0.875
268, 0.875
269, 0.875
270, 0.875
271, 0.875
272, 0.875
273, 0.875
274, 0.875
275, 0.875
276, 0.875
277, 0.875
278, 0.875
279, 0.875
280, 0.875
281, 0.875
282, 0.875
283, 0.875
284, 0.875
285, 0.875
286, 0.875
287, 0.875
288, 0.875
289, 0.875
290, 0.875
291, 0.875
292, 0.875
293, 0.875
294, 0.875
295, 0.875
296, 0.875
297, 0.875
298, 0.875
299, 0.875
300, 0.875
301, 0.875
302, 0.875
303, 0.875
304, 0.875
305, 0.875
306, 0.875
307, 0.875
308, 0.875
309, 0.875
310, 0.875
311, 0.875
312, 0.875
313, 0.875
314, 0.875
315, 0.875
316, 0.875
317, 0.875
318, 0.875
319, 0.875
320, 0.875
321, 0.875
322, 0.875
323, 0.875
324, 0.875
325, 0.875
326, 0.875
327, 0.875
328, 0.875
329, 0.875
330, 0.875
331, 0.875
332, 0.875
333, 0.875
334, 0.875
335, 0.875
336, 0.875
337, 0.875
338, 0.875
339, 0.875
340, 0.875
341, 0.875
342, 0.875
343, 0.875
344, 0.875
345, 0.875
346, 0.875
347, 0.875
348, 0.875
349, 0.875
350, 0.875
351, 0.875
352, 0.875
353, 0.875
354, 0.875
355, 0.875
356, 0.875
357, 0.875
358, 0.875
359, 0.875
360, 0.875
361, 0.875
362, 0.875
363, 0.875
364, 0.875
365, 0.875
366, 0.875
367, 0.875
368, 0.875
369, 0.875
370, 0.875
371, 0.875
372, 0.875
373, 0.875
374, 0.875
375, 0.875
376, 0.875
377, 0.875
378, 0.875
379, 0.875
380, 0.875
381, 0.875
382, 0.875
383, 0.875
384, 0.875
385, 0.875
386, 0.875
387, 0.875
388, 0.875
389, 0.875
390, 0.875
391, 0.875
392, 0.875
393, 0.875
394, 0.875
395, 0.875
396, 0.875
397, 0.875
398, 0.875
399, 0.875
400, 0.875
401, 0.875
402, 0.875
403, 0.875
404, 0.875
405, 0.875
406, 0.875
407, 0.875
408, 0.875
409, 0.875
410, 0.875
411, 0.875
412, 0.875
413, 0.875
414, 0.875
415, 0.875
416, 0.875
417, 0.875
418, 0.875
419, 0.875
420, 0.875
421, 0.875
422, 0.875
423, 0.875
424, 0.875
425, 0.875
426, 0.875
427, 0.875
428, 0.875
429, 0.875
430, 0.875
431, 0.875
432, 0.875
433, 0.875
434, 0.875
435, 0.875
436, 0.875
437, 0.875
438, 0.875
439, 0.875
440, 0.875
441, 0.875
442, 0.875
443, 0.875
444, 0.875
445, 0.875
446, 0.875
447, 0.875
448, 0.875
449, 0.875
450, 0.875
451, 0.875
452, 0.875
453, 0.875
454, 0.875
455, 0.875
456, 0.875
457, 0.875
458, 0.875
459, 0.875
460, 0.875
461, 0.875
462, 0.875
463, 0.875
464, 0.875
465, 0.875
466, 0.875
467, 0.875
468, 0.875
469, 0.875
470, 0.875
471, 0.875
472, 0.875
473, 0.875
474, 0.875
475, 0.875
476, 0.875
477, 0.875
478, 0.875
479, 0.875
480, 0.875
481, 0.875
482, 0.875
483, 0.875
484, 0.875
485, 0.875
486, 0.875
487, 0.875
488, 0.875
489, 0.875
490, 0.875
491, 0.875
492, 0.875
493, 0.875
494, 0.875
495, 0.875
496, 0.875
497, 0.875
498, 0.875
499, 0.875
500, 0.875
501, 0.875
502, 0.875
503, 0.875
504, 0.875
505, 0.875
506, 0.875
507, 0.875
508, 0.875
509, 0.875
510, 0.875
511, 0.875
512, 0.875
513, 0.875
514, 0.875
515, 0.875
516, 0.875
517, 0.875
518, 0.875
519, 0.875
520, 0.875
521, 0.875
522, 0.875
523, 0.875
524, 0.875
525, 0.875
526, 0.875
527, 0.875
528, 0.875
529, 0.875
530, 0.875
531, 0.875
532, 0.875
533, 0.875
534, 0.875
535, 0.875
536, 0.875
537, 0.875
538, 0.875
539, 0.875
540, 0.875
541, 0.875
542, 0.875
543, 0.875
544, 0.875
545, 0.875
546, 0.875
547, 0.875
548, 0.875
549, 0.875
550, 0.875
551, 0.875
552, 0.875
553, 0.875
554, 0.875
555, 0.875
556, 0.875
557, 0.875
558, 0.875
559, 0.875
560, 0.875
561, 0.875
562, 0.875
563, 0.875
564, 0.875
565, 0.875
566, 0.875
567, 0.875
568, 0.875
569, 0.875
570, 0.875
571, 0.875
572, 0.875
573, 0.875
574, 0.875
575, 0.875
576, 0.875
577, 0.875
578, 0.875
579, 0.875
580, 0.875
581, 0.875
582, 0.875
583, 0.875
584, 0.875
585, 0.875
586, 0.875
587, 0.875
588, 0.875
589, 0.875
590, 0.875
591, 0.875
592, 0.875
593, 0.875
594, 0.875
595, 0.875
596, 0.875
597, 0.875
598, 0.875
599, 0.875
600, 0.875
601, 0.875
602, 0.875
603, 0.875
604, 0.875
605, 0.875
606, 0.875
607, 0.875
608, 0.875
609, 0.875
610, 0.875
611, 0.875
612, 0.875
613, 0.875
614, 0.875
615, 0.875
616, 0.875
617, 0.875
618, 0.875
619, 0.875
620, 0.875
621, 0.875
622, 0.875
623, 0.875
624, 0.875
625, 0.875
626, 0.875
627, 0.875
628, 0.875
629, 0.875
630, 0.875
631, 0.875
632, 0.875
633, 0.875
634, 0.875
635, 0.875
636, 0.875
637, 0.875
638, 0.875
639, 0.875
640, 0.875
641, 0.875
642, 0.875
643, 0.875
644, 0.875
645, 0.875
646, 0.875
647, 0.875
648, 0.875
649, 0.875
650, 0.875
651, 0.875
652, 0.875
653, 0.875
654, 0.875
655, 0.875
656, 0.875
657, 0.875
658, 0.875
659, 0.875
660, 0.875
661, 0.875
662, 0.875
663, 0.875
664, 0.875
665, 0.875
666, 0.875
667, 0.875
668, 0.875
669, 0.875
670, 0.875
671, 0.875
672, 0.875
673, 0.875
674, 0.875
675, 0.875
676, 0.875
677, 0.875
678, 0.875
679, 0.875
680, 0.875
681, 0.875
682, 0.875
683, 0.875
684, 0.875
685, 0.875
686, 0.875
687, 0.875
688, 0.875
689, 0.875
690, 0.875
691, 0.875
692, 0.875
693, 0.875
694, 0.875
695, 0.875
696, 0.875
697, 0.875
698, 0.875
699, 0.875
700, 0.875
701, 0.875
702, 0.875
703, 0.875
704, 0.875
705, 0.875
706, 0.875
707, 0.875
708, 0.875
709, 0.875
710, 0.875
711, 0.875
712, 0.875
713, 0.875
714, 0.875
715, 0.875
716, 0.875
717, 0.875
718, 0.875
719, 0.875
720, 0.875
721, 0.875
722, 0.875
723, 0.875
724, 0.875
725, 0.875
726, 0.875
727, 0.875
728, 0.875
729, 0.875
730, 0.875
731, 0.875
732, 0.875
733, 0.875
734, 0.875
735, 0.875
736, 0.875
737, 0.875
738, 0.875
739, 0.875
740, 0.875
741, 0.875
742, 0.875
743, 0.875
744, 0.875
745, 0.875
746, 0.875
747, 0.875
748, 0.875
749, 0.875
750, 0.875
751, 0.875
752, 0.875
753, 0.875
754, 0.875
755, 0.875
756, 0.875
757, 0.875
758, 0.875
759, 0.875
760, 0.875
761, 0.875
762, 0.875
763, 0.875
764, 0.875
765, 0.875
766, 0.875
767, 0.875
768, 0.875
769, 0.875
770, 0.875
771, 0.875
772, 0.875
773, 0.875
774, 0.875
775, 0.875
776, 0.875
777, 0.875
778, 0.875
779, 0.875
780, 0.875
781, 0.875
782, 0.875
783, 0.875
784, 0.875
785, 0.875
786, 0.875
787, 0.875
788, 0.875
789, 0.875
790, 0.875
791, 0.875
792, 0.875
793, 0.875
794, 0.875
795, 0.875
796, 0.875
797, 0.875
798, 0.875
799, 0.875
800, 0.875
801, 0.875
802, 0.875
803, 0.875
804, 0.875
805, 0.875
806, 0.875
807, 0.875
808, 0.875
809, 0.875
810, 0.875
811, 0.875
812, 0.875
813, 0.875
814, 0.875
815, 0.875
816, 0.875
817, 0.875
818, 0.875
819, 0.875
820, 0.875
821, 0.875
822, 0.875
823, 0.875
824, 0.875
825, 0.875
826, 0.875
827, 0.875
828, 0.875
829, 0.875
830, 0.875
831, 0.875
832, 0.875
833, 0.875
834, 0.875
835, 0.875
836, 0.875
837, 0.875
838, 0.875
839, 0.875
840, 0.875
841, 0.875
842, 0.875
843, 0.875
844, 0.875
845, 0.875
846, 0.875
847, 0.875
848, 0.875
849, 0.875
850, 0.875
851, 0.875
852, 0.875
853, 0.875
854, 0.875
855, 0.875
856, 0.875
857, 0.875
858, 0.875
859, 0.875
860, 0.875
861, 0.875
862, 0.875
863, 0.875
864, 0.875
865, 0.875
866, 0.875
867, 0.875
868, 0.875
869, 0.875
870, 0.875
871, 0.875
872, 0.875
873, 0.875
874, 0.875
875, 0.875
876, 0.875
877, 0.875
878, 0.875
879, 0.875
880, 0.875
881, 0.875
882, 0.875
883, 0.875
884, 0.875
885, 0.875
886, 0.875
887, 0.875
888, 0.875
889, 0.875
890, 0.875
891, 0.875
892, 0.875
893, 0.875
894, 0.875
895, 0.875
896, 0.875
897, 0.875
898, 0.875
899, 0.875
900, 0.875
901, 0.875
902, 0.875
903, 0.875
904, 0.875
905, 0.875
906, 0.875
907, 0.875
908, 0.875
909, 0.875
910, 0.875
911, 0.875
912, 0.875
913, 0.875
914, 0.875
915, 0.875
916, 0.875
917, 0.875
918, 0.875
919, 0.875
920, 0.875
921, 0.875
922, 0.875
923, 0.875
924, 0.875
925, 0.875
926, 0.875
927, 0.875
928, 0.875
929, 0.875
930, 0.875
931, 0.875
932, 0.875
933, 0.875
934, 0.875
935, 0.875
936, 0.875
937, 0.875
938, 0.875
939, 0.875
940, 0.875
941, 0.875
942, 0.875
943, 0.875
944, 0.875
945, 0.875
946, 0.875
947, 0.875
948, 0.875
949, 0.875
950, 0.875
951, 0.875
952, 0.875
953, 0.875
954, 0.875
955, 0.875
956, 0.875
957, 0.875
958, 0.875
959, 0.875
960, 0.875
961, 0.875
962, 0.875
963, 0.875
964, 0.875
965, 0.875
966, 0.875
967, 0.875
968, 0.875
969, 0.875
970, 0.875
971, 0.875
972, 0.875
973, 0.875
974, 0.875
975, 0.875
976, 0.875
977, 0.875
978, 0.875
979, 0.875
980, 0.875
981, 0.875
982, 0.875
983, 0.875
984, 0.875
985, 0.875
986, 0.875
987, 0.875
988, 0.875
989, 0.875
990, 0.875
991, 0.875
992, 0.875
993, 0.875
994, 0.875
995, 0.875
996, 0.875
997, 0.875
998, 0.875
999, 0.875
1000, 0.875
1001, 0.875
1002, 0.875
1003, 0.875
1004, 0.875
1005, 0.875
1006, 0.875
1007, 0.875
1008, 0.875
1009, 0.875
1010, 0.875
1011, 0.875
1012, 0.875
1013, 0.875
1014, 0.875
1015, 0.875
1016, 0.875
1017, 0.875
1018, 0.875
1019, 0.875
1020, 0.875
1021, 0.875
1022, 0.875
1023, 0.875
1024, 0.875
1025, 0.875
1026, 0.875
1027, 0.875
1028, 0.875
1029, 0.875
1030, 0.875
1031, 0.875
1032, 0.875
1033, 0.875
1034, 0.875
1035, 0.875
1036, 0.875
1037, 0.875
1038, 0.875
1039, 0.875
1040, 0.875
1041, 0.875
1042, 0.875
1043, 0.875
1044, 0.875
1045, 0.875
1046, 0.875
1047, 0.875
1048, 0.875
1049, 0.875
1050, 0.875
1051, 0.875
1052, 0.875
1053, 0.875
1054, 0.875
1055, 0.875
1056, 0.875
1057, 0.875
1058, 0.875
1059, 0.875
1060, 0.875
1061, 0.875
1062, 0.875
1063, 0.875
1064, 0.875
1065, 0.875
1066, 0.875
1067, 0.875
1068, 0.875
1069, 0.875
1070, 0.875
1071, 0.875
1072, 0.875
1073, 0.875
1074, 0.875
1075, 0.875
1076, 0.875
1077, 0.875
1078, 0.875
1079, 0.875
1080, 0.875
1081, 0.875
1082, 0.875
1083, 0.875
1084, 0.875
1085, 0.875
1086, 0.875
1087, 0.875
1088, 0.875
1089, 0.875
1090, 0.875
1091, 0.875
1092, 0.875
1093, 0.875
1094, 0.875
1095, 0.875
1096, 0.875
1097, 0.875
1098, 0.875
1099, 0.875
1100, 0.875
1101, 0.875
1102, 0.875
1103, 0.875
1104, 0.875
1105, 0.875
1106, 0.875
1107, 0.875
1108, 0.875
1109, 0.875
1110, 0.875
1111, 0.875
1112, 0.875
1113, 0.875
1114, 0.875
1115, 0.875
1116, 0.875
1117, 0.875
1118, 0.875
1119, 0.875
1120, 0.875
1121, 0.875
1122, 0.875
1123, 0.875
1124, 0.875
1125, 0.875
1126, 0.875
1127, 0.875
1128, 0.875
1129, 0.875
1130, 0.875
1131, 0.875
1132, 0.875
1133, 0.875
1134, 0.875
1135, 0.875
1136, 0.875
1137, 0.875
1138, 0.875
1139, 0.875
1140, 0.875
1141, 0.875
1142, 0.875
1143, 0.875
1144, 0.875
1145, 0.875
1146, 0.875
1147, 0.875
1148, 0.875
1149, 0.875
1150, 0.875
1151, 0.875
1152, 0.875
1153, 0.875
1154, 0.875
1155, 0.875
1156, 0.875
1157, 0.875
1158, 0.875
1159, 0.875
1160, 0.875
1161, 0.875
1162, 0.875
1163, 0.875
1164, 0.875
1165, 0.875
1166, 0.875
1167, 0.875
1168, 0.875
1169, 0.875
1170, 0.875
1171, 0.875
1172, 0.875
1173, 0.875
1174, 0.875
1175, 0.875
1176, 0.875
1177, 0.875
1178, 0.875
1179, 0.875
1180, 0.875
1181, 0.875
1182, 0.875
1183, 0.875
1184, 0.875
1185, 0.875
1186, 0.875
1187, 0.875
1188, 0.875
1189, 0.875
1190, 0.875
1191, 0.875
1192, 0.875
1193, 0.875
1194, 0.875
1195, 0.875
1196, 0.875
1197, 0.875
1198, 0.875
1199, 0.875
1200, 0.875
1201, 0.875
1202, 0.875
1203, 0.875
1204, 0.875
1205, 0.875
1206, 0.875
1207, 0.875
1208, 0.875
1209, 0.875
1210, 0.875
1211, 0.875
1212, 0.875
1213, 0.875
1214, 0.875
1215, 0.875
1216, 0.875
1217, 0.875
1218, 0.875
1219, 0.875
1220, 0.875
1221, 0.875
1222, 0.875
1223, 0.875
1224, 0.875
1225, 0.875
1226, 0.875
1227, 0.875
1228, 0.875
1229, 0.875
1230, 0.875
1231, 0.875
1232, 0.875
1233, 0.875
1234, 0.875
1235, 0.875
1236, 0.875
1237, 0.875
1238, 0.875
1239, 0.875
1240, 0.875
1241, 0.875
1242, 0.875
1243, 0.875
1244, 0.875
1245, 0.875
1246, 0.875
1247, 0.875
1248, 0.875
1249, 0.875
1250, 0.875
1251, 0.875
1252, 0.875
1253, 0.875
1254, 0.875
1255, 0.875
1256, 0.875
1257, 0.875
1258, 0.875
1259, 0.875
1260, 0.875
1261, 0.875
1262, 0.875
1263, 0.875
1264, 0.875
1265, 0.875
1266, 0.875
1267, 0.875
1268, 0.875
1269, 0.875
1270, 0.875
1271, 0.875
1272, 0.875
1273, 0.875
1274, 0.875
1275, 0.875
1276, 0.875
1277, 0.875
1278, 0.875
1279, 0.875
1280, 0.875
1281, 0.875
1282, 0.875
1283, 0.875
1284, 0.875
1285, 0.875
1286, 0.875
1287, 0.875
1288, 0.875
1289, 0.875
1290, 0.875
1291, 0.875
1292, 0.875
1293, 0.875
1294, 0.875
1295, 0.875
1296, 0.875
1297, 0.875
1298, 0.875
1299, 0.875
1300, 0.875
1301, 0.875
1302, 0.875
1303, 0.875
1304, 0.875
1305, 0.875
1306, 0.875
1307, 0.875
1308, 0.875
1309, 0.875
1310, 0.875
1311, 0.875
1312, 0.875
1313, 0.875
1314, 0.875
1315, 0.875
1316, 0.875
1317, 0.875
1318, 0.875
1319, 0.875
1320, 0.875
1321, 0.875
1322, 0.875
1323, 0.875
1324, 0.875
1325, 0.875
1326, 0.875
1327, 0.875
1328, 0.875
1329, 0.875
1330, 0.875
1331, 0.875
1332, 0.875
1333, 0.875
1334, 0.875
1335, 0.875
1336, 0.875
1337, 0.875
1338, 0.875
1339, 0.875
1340, 0.875
1341, 0.875
1342, 0.875
1343, 0.875
1344, 0.875
1345, 0.875
1346, 0.875
1347, 0.875
1348, 0.875
1349, 0.875
1350, 0.875
1351, 0.875
1352, 0.875
1353, 0.875
1354, 0.875
1355, 0.875
1356, 0.875
1357, 0.875
1358, 0.875
1359, 0.875
1360, 0.875
1361, 0.875
1362, 0.875
1363, 0.875
1364, 0.875
1365, 0.875
1366, 0.875
1367, 0.875
1368, 0.875
1369, 0.875
1370, 0.875
1371, 0.875
1372, 0.875
1373, 0.875
1374, 0.875
1375, 0.875
1376, 0.875
1377, 0.875
1378, 0.875
1379, 0.875
1380, 0.875
1381, 0.875
1382, 0.875
1383, 0.875
1384, 0.875
1385, 0.875
1386, 0.875
1387, 0.875
1388, 0.875
1389, 0.875
1390, 0.875
1391, 0.875
1392, 0.875
1393, 0.875
1394, 0.875
1395, 0.875
1396, 0.875
1397, 0.875
1398, 0.875
1399, 0.875
1400, 0.875
1401, 0.875
1402, 0.875
1403, 0.875
1404, 0.875
1405, 0.875
1406, 0.875
1407, 0.875
1408, 0.875
1409, 0.875
1410, 0.875
1411, 0.875
1412, 0.875
1413, 0.875
1414, 0.875
1415, 0.875
1416, 0.875
1417, 0.875
1418, 0.875
1419, 0.875
1420, 0.875
1421, 0.875
1422, 0.875
1423, 0.875
1424, 0.875
1425, 0.875
1426, 0.875
1427, 0.875
1428, 0.875
1429, 0.875
1430, 0.875
1431, 0.875
1432, 0.875
1433, 0.875
1434, 0.875
1435, 0.875
1436, 0.875
1437, 0.875
1438, 0.875
1439, 0.875
1440, 0.875
1441, 0.875
1442, 0.875
1443, 0.875
1444, 0.875
1445, 0.875
1446, 0.875
1447, 0.875
1448, 0.875
1449, 0.875
1450, 0.875
1451, 0.875
1452, 0.875
1453, 0.875
1454, 0.875
1455, 0.875
1456, 0.875
1457, 0.875
1458, 0.875
1459, 0.875
1460, 0.875
1461, 0.875
1462, 0.875
1463, 0.875
1464, 0.875
1465, 0.875
1466, 0.875
1467, 0.875
1468, 0.875
1469, 0.875
1470, 0.875
1471, 0.875
1472, 0.875
1473, 0.875
1474, 0.875
1475, 0.875
1476, 0.875
1477, 0.875
1478, 0.875
1479, 0.875
1480, 0.875
1481, 0.875
1482, 0.875
1483, 0.875
1484, 0.875
1485, 0.875
1486, 0.875
1487, 0.875
1488, 0.875
1489, 0.875
1490, 0.875
1491, 0.875
1492, 0.875
1493, 0.875
1494, 0.875
1495, 0.875
1496, 0.875
1497, 0.875
1498, 0.875
1499, 0.875
1500, 0.875
1501, 0.875
1502, 0.875
1503, 0.875
1504, 0.875
1505, 0.875
1506, 0.875
1507, 0.875
1508, 0.875
1509, 0.875
1510, 0.875
1511, 0.875
1512, 0.875
1513, 0.875
1514, 0.875
1515, 0.875
1516, 0.875
1517, 0.875
1518, 0.875
1519, 0.875
1520, 0.875
1521, 0.875
1522, 0.875
1523, 0.875
1524, 0.875
1525, 0.875
1526, 0.875
1527, 0.875
1528, 0.875
1529, 0.875
1530, 0.875
1531, 0.875
1532, 0.875
1533, 0.875
1534, 0.875
1535, 0.875
1536, 0.875
1537, 0.875
1538, 0.875
1539, 0.875
1540, 0.875
1541, 0.875
1542, 0.875
1543, 0.875
1544, 0.875
1545, 0.875
1546, 0.875
1547, 0.875
1548, 0.875
1549, 0.875
1550, 0.875
1551, 0.875
1552, 0.875
1553, 0.875
1554, 0.875
1555, 0.875
1556, 0.875
1557, 0.875
1558, 0.875
1559, 0.875
1560, 0.875
1561, 0.875
1562, 0.875
1563, 0.875
1564, 0.875
1565, 0.875
1566, 0.875
1567, 0.875
1568, 0.875
1569, 0.875
1570, 0.875
1571, 0.875
1572, 0.875
1573, 0.875
1574, 0.875
1575, 0.875
1576, 0.875
1577, 0.875
1578, 0.875
1579, 0.875
1580, 0.875
1581, 0.875
1582, 0.875
1583, 0.875
1584, 0.875
1585, 0.875
1586, 0.875
1587, 0.875
1588, 0.875
1589, 0.875
1590, 0.875
1591, 0.875
1592, 0.875
1593, 0.875
1594, 0.875
1595, 0.875
1596, 0.875
1597, 0.875
1598, 0.875
1599, 0.875
1600, 0.875
1601, 0.875
1602, 0.875
1603, 0.875
1604, 0.875
1605, 0.875
1606, 0.875
1607, 0.875
1608, 0.875
1609, 0.875
1610, 0.875
1611, 0.875
1612, 0.875
1613, 0.875
1614, 0.875
1615, 0.875
1616, 0.875
1617, 0.875
1618, 0.875
1619, 0.875
1620, 0.875
1621, 0.875
1622, 0.875
1623, 0.875
1624, 0.875
1625, 0.875
1626, 0.875
1627, 0.875
1628, 0.875
1629, 0.875
1630, 0.875
1631, 0.875
1632, 0.875
1633, 0.875
1634, 0.875
1635, 0.875
1636, 0.875
1637, 0.875
1638, 0.875
1639, 0.875
1640, 0.875
1641, 0.875
1642, 0.875
1643, 0.875
1644, 0.875
1645, 0.875
1646, 0.875
1647, 0.875
1648, 0.875
1649, 0.875
1650, 0.875
1651, 0.875
1652, 0.875
1653, 0.875
1654, 0.875
1655, 0.875
1656, 0.875
1657, 0.875
1658, 0.875
1659, 0.875
1660, 0.875
1661, 0.875
1662, 0.875
1663, 0.875
1664, 0.875
1665, 0.875
1666, 0.875
1667, 0.875
1668, 0.875
1669, 0.875
1670, 0.875
1671, 0.875
1672, 0.875
1673, 0.875
1674, 0.875
1675, 0.875
1676, 0.875
1677, 0.875
1678, 0.875
1679, 0.875
1680, 0.875
1681, 0.875
1682, 0.875
1683, 0.875
1684, 0.875
1685, 0.875
1686, 0.875
1687, 0.875
1688, 0.875
1689, 0.875
1690, 0.875
1691, 0.875
1692, 0.875
1693, 0.875
1694, 0.875
1695, 0.875
1696, 0.875
1697, 0.875
1698, 0.875
1699, 0.875
1700, 0.875
1701, 0.875
1702, 0.875
1703, 0.875
1704, 0.875
1705, 0.875
1706, 0.875
1707, 0.875
1708, 0.875
1709, 0.875
1710, 0.875
1711, 0.875
1712, 0.875
1713, 0.875
1714, 0.875
1715, 0.875
1716, 0.875
1717, 0.875
1718, 0.875
1719, 0.875
1720, 0.875
1721, 0.875
1722, 0.875
1723, 0.875
1724, 0.875
1725, 0.875
1726, 0.875
1727, 0.875
1728, 0.875
1729, 0.875
1730, 0.875
1731, 0.875
1732, 0.875
1733, 0.875
1734, 0.875
1735, 0.875
1736, 0.875
1737, 0.875
1738, 0.875
1739, 0.875
1740, 0.875
1741, 0.875
1742, 0.875
1743, 0.875
1744, 0.875
1745, 0.875
1746, 0.875
1747, 0.875
1748, 0.875
1749, 0.875
1750, 0.875
1751, 0.875
1752, 0.875
1753, 0.875
1754, 0.875
1755, 0.875
1756, 0.875
1757, 0.875
1758, 0.875
1759, 0.875
1760, 0.875
1761, 0.875
1762, 0.875
1763, 0.875
1764, 0.875
1765, 0.875
1766, 0.875
1767, 0.875
1768, 0.875
1769, 0.875
1770, 0.875
1771, 0.875
1772, 0.875
1773, 0.875
1774, 0.875
1775, 0.875
1776, 0.875
1777, 0.875
1778, 0.875
1779, 0.875
1780, 0.875
1781, 0.875
1782, 0.875
1783, 0.875
1784, 0.875
1785, 0.875
1786, 0.875
1787, 0.875
1788, 0.875
1789, 0.875
1790, 0.875
1791, 0.875
1792, 0.875
1793, 0.875
1794, 0.875
1795, 0.875
1796, 0.875
1797, 0.875
1798, 0.875
1799, 0.875
1800, 0.875
1801, 0.875
1802, 0.875
1803, 0.875
1804, 0.875
1805, 0.875
1806, 0.875
1807, 0.875
1808, 0.875
1809, 0.875
1810, 0.875
1811, 0.875
1812, 0.875
1813, 0.875
1814, 0.875
1815, 0.875
1816, 0.875
1817, 0.875
1818, 0.875
1819, 0.875
1820, 0.875
1821, 0.875
1822, 0.875
1823, 0.875
1824, 0.875
1825, 0.875
1826, 0.875
1827, 0.875
1828, 0.875
1829, 0.875
1830, 0.875
1831, 0.875
1832, 0.875
1833, 0.875
1834, 0.875
1835, 0.875
1836, 0.875
1837, 0.875
1838, 0.875
1839, 0.875
1840, 0.875
1841, 0.875
1842, 0.875
1843, 0.875
1844, 0.875
1845, 0.875
1846, 0.875
1847, 0.875
1848, 0.875
1849, 0.875
1850, 0.875
1851, 0.875
1852, 0.875
1853, 0.875
1854, 0.875
1855, 0.875
1856, 0.875
1857, 0.875
1858, 0.875
1859, 0.875
1860, 0.875
1861, 0.875
1862, 0.875
1863, 0.875
1864, 0.875
1865, 0.875
1866, 0.875
1867, 0.875
1868, 0.875
1869, 0.875
1870, 0.875
1871, 0.875
1872, 0.875
1873, 0.875
1874, 0.875
1875, 0.875
1876, 0.875
1877, 0.875
1878, 0.875
1879, 0.875
1880, 0.875
1881, 0.875
1882, 0.875
1883, 0.875
1884, 0.875
1885, 0.875
1886, 0.875
1887, 0.875
1888, 0.875
1889, 0.875
1890, 0.875
1891, 0.875
1892, 0.875
1893, 0.875
1894, 0.875
1895, 0.875
1896, 0.875
1897, 0.875
1898, 0.875
1899, 0.875
1900, 0.875
1901, 0.875
1902, 0.875
1903, 0.875
1904, 0.875
1905, 0.875
1906, 0.875
1907, 0.875
1908, 0.875
1909, 0.875
1910, 0.875
1911, 0.875
1912, 0.875
1913, 0.875
1914, 0.875
1915, 0.875
1916, 0.875
1917, 0.875
1918, 0.875
1919, 0.875
1920, 0.875
1921, 0.875
1922, 0.875
1923, 0.875
1924, 0.875
1925, 0.875
1926, 0.875
1927, 0.875
1928, 0.875
1929, 0.875
1930, 0.875
1931, 0.875
1932, 0.875
1933, 0.875
1934, 0.875
1935, 0.875
1936, 0.875
1937, 0.875
1938, 0.875
1939, 0.875
1940, 0.875
1941, 0.875
1942, 0.875
1943, 0.875
1944, 0.875
1945, 0.875
1946, 0.875
1947, 0.875
1948, 0.875
1949, 0.875
1950, 0.875
1951, 0.875
1952, 0.875
1953, 0.875
1954, 0.875
1955, 0.875
1956, 0.875
1957, 0.875
1958, 0.875
1959, 0.875
1960, 0.875
1961, 0.875
1962, 0.875
1963, 0.875
1964, 0.875
1965, 0.875
1966, 0.875
1967, 0.875
1968, 0.875
1969, 0.875
1970, 0.875
1971, 0.875
1972, 0.875
1973, 0.875
1974, 0.875
1975, 0.875
1976, 0.875
1977, 0.875
1978, 0.875
1979, 0.875
1980, 0.875
1981, 0.875
1982, 0.875
1983, 0.875
1984, 0.875
1985, 0.875
1986, 0.875
1987, 0.875
1988, 0.875
1989, 0.875
1990, 0.875
1991, 0.875
1992, 0.875
1993, 0.875
1994, 0.875
1995, 0.875
1996, 0.875
1997, 0.875
1998, 0.875
1999, 0.875
2000, 0.875
2001, 0.875
2002, 0.875
2003, 0.875
2004, 0.875
2005, 0.875
2006, 0.875
2007, 0.875
2008, 0.875
2009, 0.875
2010, 0.875
2011, 0.875
2012, 0.875
2013, 0.875
2014, 0.875
2015, 0.875
2016, 0.875
2017, 0.875
2018, 0.875
2019, 0.875
2020, 0.875
2021, 0.875
2022, 0.875
2023, 0.875
2024, 0.875
2025, 0.875
2026, 0.875
2027, 0.875
2028, 0.875
2029, 0.875
2030, 0.875
2031, 0.875
2032, 0.875
2033, 0.875
2034, 0.875
2035, 0.875
2036, 0.875
2037, 0.875
2038, 0.875
2039, 0.875
2040, 0.875
2041, 0.875
2042, 0.875
2043, 0.875
2044, 0.875
2045, 0.875
2046, 0.875
2047, 0.875
2048, 0.875
2049, 0.875
2050, 0.875
2051, 0.875
2052, 0.875
2053, 0.875
2054, 0.875
2055, 0.875
2056, 0.875
2057, 0.875
2058, 0.875
2059, 0.875
2060, 0.875
2061, 0.875
2062, 0.875
2063, 0.875
2064, 0.875
2065, 0.875
2066, 0.875
2067, 0.875
2068, 0.875
2069, 0.875
2070, 0.875
2071, 0.875
2072, 0.875
2073, 0.875
2074, 0.875
2075, 0.875
2076, 0.875
2077, 0.875
2078, 0.875
2079, 0.875
2080, 0.875
2081, 0.875
2082, 0.875
2083, 0.875
2084, 0.875
2085, 0.875
2086, 0.875
2087, 0.875
2088, 0.875
2089, 0.875
2090, 0.875
2091, 0.875
2092, 0.875
2093, 0.875
2094, 0.875
2095, 0.875
2096, 0.875
2097, 0.875
2098, 0.875
2099, 0.875
2100, 0.875
2101, 0.875
2102, 0.875
2103, 0.875
2104, 0.875
2105, 0.875
2106, 0.875
2107, 0.875
2108, 0.875
2109, 0.875
2110, 0.875
2111, 0.875
2112, 0.875
2113, 0.875
2114, 0.875
2115, 0.875
2116, 0.875
2117, 0.875
2118, 0.875
2119, 0.875
2120, 0.875
2121, 0.875
2122, 0.875
2123, 0.875
2124, 0.875
2125, 0.875
2126, 0.875
2127, 0.875
2128, 0.875
2129, 0.875
2130, 0.875
2131, 0.875
2132, 0.875
2133, 0.875
2134, 0.875
2135, 0.875
2136, 0.875
2137, 0.875
2138, 0.875
2139, 0.875
2140, 0.875
2141, 0.875
2142, 0.875
2143, 0.875
2144, 0.875
2145, 0.875
2146, 0.875
2147, 0.875
2148, 0.875
2149, 0.875
2150, 0.875
2151, 0.875
2152, 0.875
2153, 0.875
2154, 0.875
2155, 0.875
2156, 0.875
2157, 0.875
2158, 0.875
2159, 0.875
2160, 0.875
2161, 0.875
2162, 0.875
2163, 0.875
2164, 0.875
2165, 0.875
2166, 0.875
2167, 0.875
2168, 0.875
2169, 0.875
2170, 0.875
2171, 0.875
2172, 0.875
2173, 0.875
2174, 0.875
2175, 0.875
2176, 0.875
2177, 0.875
2178, 0.875
2179, 0.875
2180, 0.875
2181, 0.875
2182, 0.875
2183, 0.875
2184, 0.875
2185, 0.875
2186, 0.875
2187, 0.875
2188, 0.875
2189, 0.875
2190, 0.875
2191, 0.875
2192, 0.875
2193, 0.875
2194, 0.875
2195, 0.875
2196, 0.875
2197, 0.875
2198, 0.875
2199, 0.875
2200, 0.875
2201, 0.875
2202, 0.875
2203, 0.875
2204, 0.875
2205, 0.875
2206, 0.875
2207, 0.875
2208, 0.875
2209, 0.875
2210, 0.875
2211, 0.875
2212, 0.875
2213, 0.875
2214, 0.875
2215, 0.875
2216, 0.875
2217, 0.875
2218, 0.875
2219, 0.875
2220, 0.875
2221, 0.875
2222, 0.875
2223, 0.875
2224, 0.875
2225, 0.875
2226, 0.875
2227, 0.875
2228, 0.875
2229, 0.875
2230, 0.875
2231, 0.875
2232, 0.875
2233, 0.875
2234, 0.875
2235, 0.875
2236, 0.875
2237, 0.875
2238, 0.875
2239, 0.875
2240, 0.875
2241, 0.875
2242, 0.875
2243, 0.875
2244, 0.875
2245, 0.875
2246, 0.875
2247, 0.875
2248, 0.875
2249, 0.875
2250, 0.875
2251, 0.875
2252, 0.875
2253, 0.875
2254, 0.875
2255, 0.875
2256, 0.875
2257, 0.875
2258, 0.875
2259, 0.875
2260, 0.875
2261, 0.875
2262, 0.875
2263, 0.875
2264, 0.875
2265, 0.875
2266, 0.875
2267, 0.875
2268, 0.875
2269, 0.875
2270, 0.875
2271, 0.875
2272, 0.875
2273, 0.875
2274, 0.875
2275, 0.875
2276, 0.875
2277, 0.875
2278, 0.875
2279, 0.875
2280, 0.875
2281, 0.875
2282, 0.875
2283, 0.875
2284, 0.875
2285, 0.875
2286, 0.875
2287, 0.875
2288, 0.875
2289, 0.875
2290, 0.875
2291, 0.875
2292, 0.875
2293, 0.875
2294, 0.875
2295, 0.875
2296, 0.875
2297, 0.875
2298, 0.875
2299, 0.875
2300, 0.875
2301, 0.875
2302, 0.875
2303, 0.875
2304, 0.875
2305, 0.875
2306, 0.875
2307, 0.875
2308, 0.875
2309, 0.875
2310, 0.875
2311, 0.875
2312, 0.875
2313, 0.875
2314, 0.875
2315, 0.875
2316, 0.875
2317, 0.875
2318, 0.875
2319, 0.875
2320, 0.875
2321, 0.875
2322, 0.875
2323, 0.875
2324, 0.875
2325, 0.875
2326, 0.875
2327, 0.875
2328, 0.875
2329, 0.875
2330, 0.875
2331, 0.875
2332, 0.875
2333, 0.875
2334, 0.875
2335, 0.875
2336, 0.875
2337, 0.875
2338, 0.875
2339, 0.875
2340, 0.875
2341, 0.875
2342, 0.875
2343, 0.875
2344, 0.875
2345, 0.875
2346, 0.875
2347, 0.875
2348, 0.875
2349, 0.875
2350, 0.875
2351, 0.875
2352, 0.875
2353, 0.875
2354, 0.875
2355, 0.875
2356, 0.875
2357, 0.875
2358, 0.875
2359, 0.875
2360, 0.875
2361, 0.875
2362, 0.875
2363, 0.875
2364, 0.875
2365, 0.875
2366, 0.875
2367, 0.875
2368, 0.875
2369, 0.875
2370, 0.875
2371, 0.875
2372, 0.875
2373, 0.875
2374, 0.875
2375, 0.875
2376, 0.875
2377, 0.875
2378, 0.875
2379, 0.875
2380, 0.875
2381, 0.875
2382, 0.875
2383, 0.875
2384, 0.875
2385, 0.875
2386, 0.875
2387, 0.875
2388, 0.875
2389, 0.875
2390, 0.875
2391, 0.875
2392, 0.875
2393, 0.875
2394, 0.875
2395, 0.875
2396, 0.875
2397, 0.875
2398, 0.875
2399, 0.875
2400, 0.875
2401, 0.875
2402, 0.875
2403, 0.875
2404, 0.875
2405, 0.875
2406, 0.875
2407, 0.875
2408, 0.875
2409, 0.875
2410, 0.875
2411, 0.875
2412, 0.875
2413, 0.875
2414, 0.875
2415, 0.875
2416, 0.875
2417, 0.875
2418, 0.875
2419, 0.875
2420, 0.875
2421, 0.875
2422, 0.875
2423, 0.875
2424, 0.875
2425, 0.875
2426, 0.875
2427, 0.875
2428, 0.875
2429, 0.875
2430, 0.875
2431, 0.875
2432, 0.875
2433, 0.875
2434, 0.875
2435, 0.875
2436, 0.875
2437, 0.875
2438, 0.875
2439, 0.875
2440, 0.875
2441, 0.875
2442, 0.875
2443, 0.875
2444, 0.875
2445, 0.875
2446, 0.875
2447, 0.875
2448, 0.875
2449, 0.875
2450, 0.875
2451, 0.875
2452, 0.875
2453, 0.875
2454, 0.875
2455, 0.875
2456, 0.875
2457, 0.875
2458, 0.875
2459, 0.875
2460, 0.875
2461, 0.875
2462, 0.875
2463, 0.875
2464, 0.875
2465, 0.875
2466, 0.875
2467, 0.875
2468, 0.875
2469, 0.875
2470, 0.875
2471, 0.875
2472, 0.875
2473, 0.875
2474, 0.875
2475, 0.875
2476, 0.875
2477, 0.875
2478, 0.875
2479, 0.875
2480, 0.875
2481, 0.875
2482, 0.875
2483, 0.875
2484, 0.875
2485, 0.875
2486, 0.875
2487, 0.875
2488, 0.875
2489, 0.875
2490, 0.875
2491, 0.875
2492, 0.875
2493, 0.875
2494, 0.875
2495, 0.875
2496, 0.875
2497, 0.875
2498, 0.875
2499, 0.875
2500, 0.875
2501, 0.875
2502, 0.875
2503, 0.875
2504, 0.875
2505, 0.875
2506, 0.875
2507, 0.875
2508, 0.875
2509, 0.875
2510, 0.875
2511, 0.875
2512, 0.875
2513, 0.875
2514, 0.875
2515, 0.875
2516, 0.875
2517, 0.875
2518, 0.875
2519, 0.875
2520, 0.875
2521, 0.875
2522, 0.875
2523, 0.875
2524, 0.875
2525, 0.875
2526, 0.875
2527, 0.875
2528, 0.875
2529, 0.875
2530, 0.875
2531, 0.875
2532, 0.875
2533, 0.875
2534, 0.875
2535, 0.875
2536, 0.875
2537, 0.875
2538, 0.875
2539, 0.875
2540, 0.875
2541, 0.875
2542, 0.875
2543, 0.875
2544, 0.875
2545, 0.875
2546, 0.875
2547, 0.875
2548, 0.875
2549, 0.875
2550, 0.875
2551, 0.875
2552, 0.875
2553, 0.875
2554, 0.875
2555, 0.875
2556, 0.875
2557, 0.875
2558, 0.875
2559, 0.875
2560, 0.875
2561, 0.875
2562, 0.875
2563, 0.875
2564, 0.875
2565, 0.875
2566, 0.875
2567, 0.875
2568, 0.875
2569, 0.875
2570, 0.875
2571, 0.875
2572, 0.875
2573, 0.875
2574, 0.875
2575, 0.875
2576, 0.875
2577, 0.875
2578, 0.875
2579, 0.875
2580, 0.875
2581, 0.875
2582, 0.875
2583, 0.875
2584, 0.875
2585, 0.875
2586, 0.875
2587, 0.875
2588, 0.875
2589, 0.875
2590, 0.875
2591, 0.875
2592, 0.875
2593, 0.875
2594, 0.875
2595, 0.875
2596, 0.875
2597, 0.875
2598, 0.875
2599, 0.875
2600, 0.875
2601, 0.875
2602, 0.875
2603, 0.875
2604, 0.875
2605, 0.875
2606, 0.875
2607, 0.875
2608, 0.875
2609, 0.875
2610, 0.875
2611, 0.875
2612, 0.875
2613, 0.875
2614, 0.875
2615, 0.875
2616, 0.875
2617, 0.875
2618, 0.875
2619, 0.875
2620, 0.875
2621, 0.875
2622, 0.875
2623, 0.875
2624, 0.875
2625, 0.875
2626, 0.875
2627, 0.875
2628, 0.875
2629, 0.875
2630, 0.875
2631, 0.875
2632, 0.875
2633, 0.875
2634, 0.875
2635, 0.875
2636, 0.875
2637, 0.875
2638, 0.875
2639, 0.875
2640, 0.875
2641, 0.875
2642, 0.875
2643, 0.875
2644, 0.875
2645, 0.875
2646, 0.875
2647, 0.875
2648, 0.875
2649, 0.875
2650, 0.875
2651, 0.875
2652, 0.875
2653, 0.875
2654, 0.875
2655, 0.875
2656, 0.875
2657, 0.875
2658, 0.875
2659, 0.875
2660, 0.875
2661, 0.875
2662, 0.875
2663, 0.875
2664, 0.875
2665, 0.875
2666, 0.875
2667, 0.875
2668, 0.875
2669, 0.875
2670, 0.875
2671, 0.875
2672, 0.875
2673, 0.875
2674, 0.875
2675, 0.875
2676, 0.875
2677, 0.875
2678, 0.875
2679, 0.875
2680, 0.875
2681, 0.875
2682, 0.875
2683, 0.875
2684, 0.875
2685, 0.875
2686, 0.875
2687, 0.875
2688, 0.875
2689, 0.875
2690, 0.875
2691, 0.875
2692, 0.875
2693, 0.875
2694, 0.875
2695, 0.875
2696, 0.875
2697, 0.875
2698, 0.875
2699, 0.875
2700, 0.875
2701, 0.875
2702, 0.875
2703, 0.875
2704, 0.875
2705, 0.875
2706, 0.875
2707, 0.875
2708, 0.875
2709, 0.875
2710, 0.875
2711, 0.875
2712, 0.875
2713, 0.875
2714, 0.875
2715, 0.875
2716, 0.875
2717, 0.875
2718, 0.875
2719, 0.875
2720, 0.875
2721, 0.875
2722, 0.875
2723, 0.875
2724, 0.875
2725, 0.875
2726, 0.875
2727, 0.875
2728, 0.875
2729, 0.875
2730, 0.875
2731, 0.875
2732, 0.875
2733, 0.875
2734, 0.875
2735, 0.875
2736, 0.875
2737, 0.875
2738, 0.875
2739, 0.875
2740, 0.875
2741, 0.875
2742, 0.875
2743, 0.875
2744, 0.875
2745, 0.875
2746, 0.875
2747, 0.875
2748, 0.875
2749, 0.875
2750, 0.875
2751, 0.875
2752, 0.875
2753, 0.875
2754, 0.875
2755, 0.875
2756, 0.875
2757, 0.875
2758, 0.875
2759, 0.875
2760, 0.875
2761, 0.875
2762, 0.875
2763, 0.875
2764, 0.875
2765, 0.875
2766, 0.875
2767, 0.875
2768, 0.875
2769, 0.875
2770, 0.875
2771, 0.875
2772, 0.875
2773, 0.875
2774, 0.875
2775, 0.875
2776, 0.875
2777, 0.875
2778, 0.875
2779, 0.875
2780, 0.875
2781, 0.875
2782, 0.875
2783, 0.875
2784, 0.875
2785, 0.875
2786, 0.875
2787, 0.875
2788, 0.875
2789, 0.875
2790, 0.875
2791, 0.875
2792, 0.875
2793, 0.875
2794, 0.875
2795, 0.875
2796, 0.875
2797, 0.875
2798, 0.875
2799, 0.875
2800, 0.875
2801, 0.875
2802, 0.875
2803, 0.875
2804, 0.875
2805, 0.875
2806, 0.875
2807, 0.875
2808, 0.875
2809, 0.875
2810, 0.875
2811, 0.875
2812, 0.875
2813, 0.875
2814, 0.875
2815, 0.875
2816, 0.875
2817, 0.875
2818, 0.875
2819, 0.875
2820, 0.875
2821, 0.875
2822, 0.875
2823, 0.875
2824, 0.875
2825, 0.875
2826, 0.875
2827, 0.875
2828, 0.875
2829, 0.875
2830, 0.875
2831, 0.875
2832, 0.875
2833, 0.875
2834, 0.875
2835, 0.875
2836, 0.875
2837, 0.875
2838, 0.875
2839, 0.875
2840, 0.875
2841, 0.875
2842, 0.875
2843, 0.875
2844, 0.875
2845, 0.875
2846, 0.875
2847, 0.875
2848, 0.875
2849, 0.875
2850, 0.875
2851, 0.875
2852, 0.875
2853, 0.875
2854, 0.875
2855, 0.875
2856, 0.875
2857, 0.875
2858, 0.875
2859, 0.875
2860, 0.875
2861, 0.875
2862, 0.875
2863, 0.875
2864, 0.875
2865, 0.875
2866, 0.875
2867, 0.875
2868, 0.875
2869, 0.875
2870, 0.875
2871, 0.875
2872, 0.875
2873, 0.875
2874, 0.875
2875, 0.875
2876, 0.875
2877, 0.875
2878, 0.875
2879, 0.875
2880, 0.875
2881, 0.875
2882, 0.875
2883, 0.875
2884, 0.875
2885, 0.875
2886, 0.875
2887, 0.875
2888, 0.875
2889, 0.875
2890, 0.875
2891, 0.875
2892, 0.875
2893, 0.875
2894, 0.875
2895, 0.875
2896, 0.875
2897, 0.875
2898, 0.875
2899, 0.875
2900, 0.875
2901, 0.875
2902, 0.875
2903, 0.875
2904, 0.875
2905, 0.875
2906, 0.875
2907, 0.875
2908, 0.875
2909, 0.875
2910, 0.875
2911, 0.875
2912, 0.875
2913, 0.875
2914, 0.875
2915, 0.875
2916, 0.875
2917, 0.875
2918, 0.875
2919, 0.875
2920, 0.875
2921, 0.875
2922, 0.875
2923, 0.875
2924, 0.875
2925, 0.875
2926, 0.875
2927, 0.875
2928, 0.875
2929, 0.875
2930, 0.875
2931, 0.875
2932, 0.875
2933, 0.875
2934, 0.875
2935, 0.875
2936, 0.875
2937, 0.875
2938, 0.875
2939, 0.875
2940, 0.875
2941, 0.875
2942, 0.875
2943, 0.875
2944, 0.875
2945, 0.875
2946, 0.875
2947, 0.875
2948, 0.875
2949, 0.875
2950, 0.875
2951, 0.875
2952, 0.875
2953, 0.875
2954, 0.875
2955, 0.875
2956, 0.875
2957, 0.875
2958, 0.875
2959, 0.875
2960, 0.875
2961, 0.875
2962, 0.875
2963, 0.875
2964, 0.875
2965, 0.875
2966, 0.875
2967, 0.875
2968, 0.875
2969, 0.875
2970, 0.875
2971, 0.875
2972, 0.875
2973, 0.875
2974, 0.875
2975, 0.875
2976, 0.875
2977, 0.875
2978, 0.875
2979, 0.875
2980, 0.875
2981, 0.875
2982, 0.875
2983, 0.875
2984, 0.875
2985, 0.875
2986, 0.875
2987, 0.875
2988, 0.875
2989, 0.875
2990, 0.875
2991, 0.875
2992, 0.875
2993, 0.875
2994, 0.875
2995, 0.875
2996, 0.875
2997, 0.875
2998, 0.875
2999, 0.875
3000, 0.875
3001, 0.875
3002, 0.875
3003, 0.875
3004, 0.875
3005, 0.875
3006, 0.875
3007, 0.875
3008, 0.875
3009, 0.875
3010, 0.875
3011, 0.875
3012, 0.875
3013, 0.875
3014, 0.875
3015, 0.875
3016, 0.875
3017, 0.875
3018, 0.875
3019, 0.875
3020, 0.875
3021, 0.875
3022, 0.875
3023, 0.875
3024, 0.875
3025, 0.875
3026, 0.875
3027, 0.875
3028, 0.875
3029, 0.875
3030, 0.875
3031, 0.875
3032, 0.875
3033, 0.875
3034, 0.875
3035, 0.875
3036, 0.875
3037, 0.875
3038, 0.875
3039, 0.875
3040, 0.875
3041, 0.875
3042, 0.875
3043, 0.875
3044, 0.875
3045, 0.875
3046, 0.875
3047, 0.875
3048, 0.875
3049, 0.875
3050, 0.875
3051, 0.875
3052, 0.875
3053, 0.875
3054, 0.875
3055, 0.875
3056, 0.875
3057, 0.875
3058, 0.875
3059, 0.875
3060, 0.875
3061, 0.875
3062, 0.875
3063, 0.875
3064, 0.875
3065, 0.875
3066, 0.875
3067, 0.875
3068, 0.875
3069, 0.875
3070, 0.875
3071, 0.875
3072, 0.875
3073, 0.875
3074, 0.875
3075, 0.875
3076, 0.875
3077, 0.875
3078, 0.875
3079, 0.875
3080, 0.875
3081, 0.875
3082, 0.875
3083, 0.875
3084, 0.875
3085, 0.875
3086, 0.875
3087, 0.875
3088, 0.875
3089, 0.875
3090, 0.875
3091, 0.875
3092, 0.875
3093, 0.875
3094, 0.875
3095, 0.875
3096, 0.875
3097, 0.875
3098, 0.875
3099, 0.875
3100, 0.875
3101, 0.875
3102, 0.875
3103, 0.875
3104, 0.875
3105, 0.875
3106, 0.875
3107, 0.875
3108, 0.875
3109, 0.875
3110, 0.875
3111, 0.875
3112, 0.875
3113, 0.875
3114, 0.875
3115, 0.875
3116, 0.875
3117, 0.875
3118, 0.875
3119, 0.875
3120, 0.875
3121, 0.875
3122, 0.875
3123, 0.875
3124, 0.875
3125, 0.875
3126, 0.875
3127, 0.875
3128, 0.875
3129, 0.875
3130, 0.875
3131, 0.875
3132, 0.875
3133, 0.875
3134, 0.875
3135, 0.875
3136, 0.875
3137, 0.875
3138, 0.875
3139, 0.875
3140, 0.875
3141, 0.875
3142, 0.875
3143, 0.875
3144, 0.875
3145, 0.875
3146, 0.875
3147, 0.875
3148, 0.875
3149, 0.875
3150, 0.875
3151, 0.875
3152, 0.875
3153, 0.875
3154, 0.875
3155, 0.875
3156, 0.875
3157, 0.875
3158, 0.875
3159, 0.875
3160, 0.875
3161, 0.875
3162, 0.875
3163, 0.875
3164, 0.875
3165, 0.875
3166, 0.875
3167, 0.875
3168, 0.875
3169, 0.875
3170, 0.875
3171, 0.875
3172, 0.875
3173, 0.875
3174, 0.875
3175, 0.875
3176, 0.875
3177, 0.875
3178, 0.875
3179, 0.875
3180, 0.875
3181, 0.875
3182, 0.875
3183, 0.875
3184, 0.875
3185, 0.875
3186, 0.875
3187, 0.875
3188, 0.875
3189, 0.875
3190, 0.875
3191, 0.875
3192, 0.875
3193, 0.875
3194, 0.875
3195, 0.875
3196, 0.875
3197, 0.875
3198, 0.875
3199, 0.875
3200, 0.875
3201, 0.875
3202, 0.875
3203, 0.875
3204, 0.875
3205, 0.875
3206, 0.875
3207, 0.875
3208, 0.875
3209, 0.875
3210, 0.875
3211, 0.875
3212, 0.875
3213, 0.875
3214, 0.875
3215, 0.875
3216, 0.875
3217, 0.875
3218, 0.875
3219, 0.875
3220, 0.875
3221, 0.875
3222, 0.875
3223, 0.875
3224, 0.875
3225, 0.875
3226, 0.875
3227, 0.875
3228, 0.875
3229, 0.875
3230, 0.875
3231, 0.875
3232, 0.875
3233, 0.875
3234, 0.875
3235, 0.875
3236, 0.875
3237, 0.875
3238, 0.875
3239, 0.875
3240, 0.875
3241, 0.875
3242, 0.875
3243, 0.875
3244, 0.875
3245, 0.875
3246, 0.875
3247, 0.875
3248, 0.875
3249, 0.875
3250, 0.875
3251, 0.875
3252, 0.875
3253, 0.875
3254, 0.875
3255, 0.875
3256, 0.875
3257, 0.875
3258, 0.875
3259, 0.875
3260, 0.875
3261, 0.875
3262, 0.875
3263, 0.875
3264, 0.875
3265, 0.875
3266, 0.875
3267, 0.875
3268, 0.875
3269, 0.875
3270, 0.875
3271, 0.875
3272, 0.875
3273, 0.875
3274, 0.875
3275, 0.875
3276, 0.875
3277, 0.875
3278, 0.875
3279, 0.875
3280, 0.875
3281, 0.875
3282, 0.875
3283, 0.875
3284, 0.875
3285, 0.875
3286, 0.875
3287, 0.875
3288, 0.875
3289, 0.875
3290, 0.875
3291, 0.875
3292, 0.875
3293, 0.875
3294, 0.875
3295, 0.875
3296, 0.875
3297, 0.875
3298, 0.875
3299, 0.875
3300, 0.875
3301, 0.875
3302, 0.875
3303, 0.875
3304, 0.875
3305, 0.875
3306, 0.875
3307, 0.875
3308, 0.875
3309, 0.875
3310, 0.875
3311, 0.875
3312, 0.875
3313, 0.875
3314, 0.875
3315, 0.875
3316, 0.875
3317, 0.875
3318, 0.875
3319, 0.875
3320, 0.875
3321, 0.875
3322, 0.875
3323, 0.875
3324, 0.875
3325, 0.875
3326, 0.875
3327, 0.875
3328, 0.875
3329, 0.875
3330, 0.875
3331, 0.875
3332, 0.875
3333, 0.875
3334, 0.875
3335, 0.875
3336, 0.875
3337, 0.875
3338, 0.875
3339, 0.875
3340, 0.875
3341, 0.875
3342, 0.875
3343, 0.875
3344, 0.875
3345, 0.875
3346, 0.875
3347, 0.875
3348, 0.875
3349, 0.875
3350, 0.875
3351, 0.875
3352, 0.875
3353, 0.875
3354, 0.875
3355, 0.875
3356, 0.875
3357, 0.875
3358, 0.875
3359, 0.875
3360, 0.875
3361, 0.875
3362, 0.875
3363, 0.875
3364, 0.875
3365, 0.875
3366, 0.875
3367, 0.875
3368, 0.875
3369, 0.875
3370, 0.875
3371, 0.875
3372, 0.875
3373, 0.875
3374, 0.875
3375, 0.875
3376, 0.875
3377, 0.875
3378, 0.875
3379, 0.875
3380, 0.875
3381, 0.875
3382, 0.875
3383, 0.875
3384, 0.875
3385, 0.875
3386, 0.875
3387, 0.875
3388, 0.875
3389, 0.875
3390, 0.875
3391, 0.875
3392, 0.875
3393, 0.875
3394, 0.875
3395, 0.875
3396, 0.875
3397, 0.875
3398, 0.875
3399, 0.875
3400, 0.875
3401, 0.875
3402, 0.875
3403, 0.875
3404, 0.875
3405, 0.875
3406, 0.875
3407, 0.875
3408, 0.875
3409, 0.875
3410, 0.875
3411, 0.875
3412, 0.875
3413, 0.875
3414, 0.875
3415, 0.875
3416, 0.875
3417, 0.875
3418, 0.875
3419, 0.875
3420, 0.875
3421, 0.875
3422, 0.875
3423, 0.875
3424, 0.875
3425, 0.875
3426, 0.875
3427, 0.875
3428, 0.875
3429, 0.875
3430, 0.875
3431, 0.875
3432, 0.875
3433, 0.875
3434, 0.875
3435, 0.875
3436, 0.875
3437, 0.875
3438, 0.875
3439, 0.875
3440, 0.875
3441, 0.875
3442, 0.875
3443, 0.875
3444, 0.875
3445, 0.875
3446, 0.875
3447, 0.875
3448, 0.875
3449, 0.875
3450, 0.875
3451, 0.875
3452, 0.875
3453, 0.875
3454, 0.875
3455, 0.875
3456, 0.875
3457, 0.875
3458, 0.875
3459, 0.875
3460, 0.875
3461, 0.875
3462, 0.875
3463, 0.875
3464, 0.875
3465, 0.875
3466, 0.875
3467, 0.875
3468, 0.875
3469, 0.875
3470, 0.875
3471, 0.875
3472, 0.875
3473, 0.875
3474, 0.875
3475, 0.875
3476, 0.875
3477, 0.875
3478, 0.875
3479, 0.875
3480, 0.875
3481, 0.875
3482, 0.875
3483, 0.875
3484, 0.875
3485, 0.875
3486, 0.875
3487, 0.875
3488, 0.875
3489, 0.875
3490, 0.875
3491, 0.875
3492, 0.875
3493, 0.875
3494, 0.875
3495, 0.875
3496, 0.875
3497, 0.875
3498, 0.875
3499, 0.875
3500, 0.875
3501, 0.875
3502, 0.875
3503, 0.875
3504, 0.875
3505, 0.875
3506, 0.875
3507, 0.875
3508, 0.875
3509, 0.875
3510, 0.875
3511, 0.875
3512, 0.875
3513, 0.875
3514, 0.875
3515, 0.875
3516, 0.875
3517, 0.875
3518, 0.875
3519, 0.875
3520, 0.875
3521, 0.875
3522, 0.875
3523, 0.875
3524, 0.875
3525, 0.875
3526, 0.875
3527, 0.875
3528, 0.875
3529, 0.875
3530, 0.875
3531, 0.875
3532, 0.875
3533, 0.875
3534, 0.875
3535, 0.875
3536, 0.875
3537, 0.875
3538, 0.875
3539, 0.875
3540, 0.875
3541, 0.875
3542, 0.875
3543, 0.875
3544, 0.875
3545, 0.875
3546, 0.875
3547, 0.875
3548, 0.875
3549, 0.875
3550, 0.875
3551, 0.875
3552, 0.875
3553, 0.875
3554, 0.875
3555, 0.875
3556, 0.875
3557, 0.875
3558, 0.875
3559, 0.875
3560, 0.875
3561, 0.875
3562, 0.875
3563, 0.875
3564, 0.875
3565, 0.875
3566, 0.875
3567, 0.875
3568, 0.875
3569, 0.875
3570, 0.875
3571, 0.875
3572, 0.875
3573, 0.875
3574, 0.875
3575, 0.875
3576, 0.875
3577, 0.875
3578, 0.875
3579, 0.875
3580, 0.875
3581, 0.875
3582, 0.875
3583, 0.875
3584, 0.875
3585, 0.875
3586, 0.875
3587, 0.875
3588, 0.875
3589, 0.875
3590, 0.875
3591, 0.875
3592, 0.875
3593, 0.875
3594, 0.875
3595, 0.875
3596, 0.875
3597, 0.875
3598, 0.875
3599, 0.875
3600, 0.875
3601, 0.875
3602, 0.875
3603, 0.875
3604, 0.875
3605, 0.875
3606, 0.875
3607, 0.875
3608, 0.875
3609, 0.875
3610, 0.875
3611, 0.875
3612, 0.875
3613, 0.875
3614, 0.875
3615, 0.875
3616, 0.875
3617, 0.875
3618, 0.875
3619, 0.875
3620, 0.875
3621, 0.875
3622, 0.875
3623, 0.875
3624, 0.875
3625, 0.875
3626, 0.875
3627, 0.875
3628, 0.875
3629, 0.875
3630, 0.875
3631, 0.875
3632, 0.875
3633, 0.875
3634, 0.875
3635, 0.875
3636, 0.875
3637, 0.875
3638, 0.875
3639, 0.875
3640, 0.875
3641, 0.875
3642, 0.875
3643, 0.875
3644, 0.875
3645, 0.875
3646, 0.875
3647, 0.875
3648, 0.875
3649, 0.875
3650, 0.875
3651, 0.875
3652, 0.875
3653, 0.875
3654, 0.875
3655, 0.875
3656, 0.875
3657, 0.875
3658, 0.875
3659, 0.875
3660, 0.875
3661, 0.875
3662, 0.875
3663, 0.875
3664, 0.875
3665, 0.875
3666, 0.875
3667, 0.875
3668, 0.875
3669, 0.875
3670, 0.875
3671, 0.875
3672, 0.875
3673, 0.875
3674, 0.875
3675, 0.875
3676, 0.875
3677, 0.875
3678, 0.875
3679, 0.875
3680, 0.875
3681, 0.875
3682, 0.875
3683, 0.875
3684, 0.875
3685, 0.875
3686, 0.875
3687, 0.875
3688, 0.875
3689, 0.875
3690, 0.875
3691, 0.875
3692, 0.875
3693, 0.875
3694, 0.875
3695, 0.875
3696, 0.875
3697, 0.875
3698, 0.875
3699, 0.875
3700, 0.875
3701, 0.875
3702, 0.875
3703, 0.875
3704, 0.875
3705, 0.875
3706, 0.875
3707, 0.875
3708, 0.875
3709, 0.875
3710, 0.875
3711, 0.875
3712, 0.875
3713, 0.875
3714, 0.875
3715, 0.875
3716, 0.875
3717, 0.875
3718, 0.875
3719, 0.875
3720, 0.875
3721, 0.875
3722, 0.875
3723, 0.875
3724, 0.875
3725, 0.875
3726, 0.875
3727, 0.875
3728, 0.875
3729, 0.875
3730, 0.875
3731, 0.875
3732, 0.875
3733, 0.875
3734, 0.875
3735, 0.875
3736, 0.875
3737, 0.875
3738, 0.875
3739, 0.875
3740, 0.875
3741, 0.875
3742, 0.875
3743, 0.875
3744, 0.875
3745, 0.875
3746, 0.875
3747, 0.875
3748, 0.875
3749, 0.875
3750, 0.875
3751, 0.875
3752, 0.875
3753, 0.875
3754, 0.875
3755, 0.875
3756, 0.875
3757, 0.875
3758, 0.875
3759, 0.875
3760, 0.875
3761, 0.875
3762, 0.875
3763, 0.875
3764, 0.875
3765, 0.875
3766, 0.875
3767, 0.875
3768, 0.875
3769, 0.875
3770, 0.875
3771, 0.875
3772, 0.875
3773, 0.875
3774, 0.875
3775, 0.875
3776, 0.875
3777, 0.875
3778, 0.875
3779, 0.875
3780, 0.875
3781, 0.875
3782, 0.875
3783, 0.875
3784, 0.875
3785, 0.875
3786, 0.875
3787, 0.875
3788, 0.875
3789, 0.875
3790, 0.875
3791, 0.875
3792, 0.875
3793, 0.875
3794, 0.875
3795, 0.875
3796, 0.875
3797, 0.875
3798, 0.875
3799, 0.875
3800, 0.875
3801, 0.875
3802, 0.875
3803, 0.875
3804, 0.875
3805, 0.875
3806, 0.875
3807, 0.875
3808, 0.875
3809, 0.875
3810, 0.875
3811, 0.875
3812, 0.875
3813, 0.875
3814, 0.875
3815, 0.875
3816, 0.875
3817, 0.875
3818, 0.875
3819, 0.875
3820, 0.875
3821, 0.875
3822, 0.875
3823, 0.875
3824, 0.875
3825, 0.875
3826, 0.875
3827, 0.875
3828, 0.875
3829, 0.875
3830, 0.875
3831, 0.875
3832, 0.875
3833, 0.875
3834, 0.875
3835, 0.875
3836, 0.875
3837, 0.875
3838, 0.875
3839, 0.875
3840, 0.875
3841, 0.875
3842, 0.875
3843, 0.875
3844, 0.875
3845, 0.875
3846, 0.875
3847, 0.875
3848, 0.875
3849, 0.875
3850, 0.875
3851, 0.875
3852, 0.875
3853, 0.875
3854, 0.875
3855, 0.875
3856, 0.875
3857, 0.875
3858, 0.875
3859, 0.875
3860, 0.875
3861, 0.875
3862, 0.875
3863, 0.875
3864, 0.875
3865, 0.875
3866, 0.875
3867, 0.875
3868, 0.875
3869, 0.875
3870, 0.875
3871, 0.875
3872, 0.875
3873, 0.875
3874, 0.875
3875, 0.875
3876, 0.875
3877, 0.875
3878, 0.875
3879, 0.875
3880, 0.875
3881, 0.875
3882, 0.875
3883, 0.875
3884, 0.875
3885, 0.875
3886, 0.875
3887, 0.875
3888, 0.875
3889, 0.875
3890, 0.875
3891, 0.875
3892, 0.875
3893, 0.875
3894, 0.875
3895, 0.875
3896, 0.875
3897, 0.875
3898, 0.875
3899, 0.875
3900, 0.875
3901, 0.875
3902, 0.875
3903, 0.875
3904, 0.875
3905, 0.875
3906, 0.875
3907, 0.875
3908, 0.875
3909, 0.875
3910, 0.875
3911, 0.875
3912, 0.875
3913, 0.875
3914, 0.875
3915, 0.875
3916, 0.875
3917, 0.875
3918, 0.875
3919, 0.875
3920, 0.875
3921, 0.875
3922, 0.875
3923, 0.875
3924, 0.875
3925, 0.875
3926, 0.875
3927, 0.875
3928, 0.875
3929, 0.875
3930, 0.875
3931, 0.875
3932, 0.875
3933, 0.875
3934, 0.875
3935, 0.875
3936, 0.875
3937, 0.875
3938, 0.875
3939, 0.875
3940, 0.875
3941, 0.875
3942, 0.875
3943, 0.875
3944, 0.875
3945, 0.875
3946, 0.875
3947, 0.875
3948, 0.875
3949, 0.875
3950, 0.875
3951, 0.875
3952, 0.875
3953, 0.875
3954, 0.875
3955, 0.875
3956, 0.875
3957, 0.875
3958, 0.875
3959, 0.875
3960, 0.875
3961, 0.875
3962, 0.875
3963, 0.875
3964, 0.875
3965, 0.875
3966, 0.875
3967, 0.875
3968, 0.875
3969, 0.875
3970, 0.875
3971, 0.875
3972, 0.875
3973, 0.875
3974, 0.875
3975, 0.875
3976, 0.875
3977, 0.875
3978, 0.875
3979, 0.875
3980, 0.875
3981, 0.875
3982, 0.875
3983, 0.875
3984, 0.875
3985, 0.875
3986, 0.875
3987, 0.875
3988, 0.875
3989, 0.875
3990, 0.875
3991, 0.875
3992, 0.875
3993, 0.875
3994, 0.875
3995, 0.875
3996, 0.875
3997, 0.875
3998, 0.875
3999, 0.875
4000, 0.875
4001, 0.875
4002, 0.875
4003, 0.875
4004, 0.875
4005, 0.875
4006, 0.875
4007, 0.875
4008, 0.875
4009, 0.875
4010, 0.875
4011, 0.875
4012, 0.875
4013, 0.875
4014, 0.875
4015, 0.875
4016, 0.875
4017, 0.875
4018, 0.875
4019, 0.875
4020, 0.875
4021, 0.875
4022, 0.875
4023, 0.875
4024, 0.875
4025, 0.875
4026, 0.875
4027, 0.875
4028, 0.875
4029, 0.875
4030, 0.875
4031, 0.875
4032, 0.875
4033, 0.875
4034, 0.875
4035, 0.875
4036, 0.875
4037, 0.875
4038, 0.875
4039, 0.875
4040, 0.875
4041, 0.875
4042, 0.875
4043, 0.875
4044, 0.875
4045, 0.875
4046, 0.875
4047, 0.875
4048, 0.875
4049, 0.875
4050, 0.875
4051, 0.875
4052, 0.875
4053, 0.875
4054, 0.875
4055, 0.875
4056, 0.875
4057, 0.875
4058, 0.875
4059, 0.875
4060, 0.875
4061, 0.875
4062, 0.875
4063, 0.875
4064, 0.875
4065, 0.875
4066, 0.875
4067, 0.875
4068, 0.875
4069, 0.875
4070, 0.875
4071, 0.875
4072, 0.875
4073, 0.875
4074, 0.875
4075, 0.875
4076, 0.875
4077, 0.875
4078, 0.875
4079, 0.875
4080, 0.875
4081, 0.875
4082, 0.875
4083, 0.875
4084, 0.875
4085, 0.875
4086, 0.875
4087, 0.875
4088, 0.875
4089, 0.875
4090, 0.875
4091, 0.875
4092, 0.875
4093, 0.875
4094, 0.875
4095, 0.875
4096, 0.875
4097, 0.875
4098, 0.875
4099, 0.875
4100, 0.875
4101, 0.875
4102, 0.875
4103, 0.875
4104, 0.875
4105, 0.875
4106, 0.875
4107, 0.875
4108, 0.875
4109, 0.875
4110, 0.875
4111, 0.875
4112, 0.875
4113, 0.875
4114, 0.875
4115, 0.875
4116, 0.875
4117, 0.875
4118, 0.875
4119, 0.875
4120, 0.875
4121, 0.875
4122, 0.875
4123, 0.875
4124, 0.875
4125, 0.875
4126, 0.875
4127, 0.875
4128, 0.875
4129, 0.875
4130, 0.875
4131, 0.875
4132, 0.875
4133, 0.875
4134, 0.875
4135, 0.875
4136, 0.875
4137, 0.875
4138, 0.875
4139, 0.875
4140, 0.875
4141, 0.875
4142, 0.875
4143, 0.875
4144, 0.875
4145, 0.875
4146, 0.875
4147, 0.875
4148, 0.875
4149, 0.875
4150, 0.875
4151, 0.875
4152, 0.875
4153, 0.875
4154, 0.875
4155, 0.875
4156, 0.875
4157, 0.875
4158, 0.875
4159, 0.875
4160, 0.875
4161, 0.875
4162, 0.875
4163, 0.875
4164, 0.875
4165, 0.875
4166, 0.875
4167, 0.875
4168, 0.875
4169, 0.875
4170, 0.875
4171, 0.875
4172, 0.875
4173, 0.875
4174, 0.875
4175, 0.875
4176, 0.875
4177, 0.875
4178, 0.875
4179, 0.875
4180, 0.875
4181, 0.875
4182, 0.875
4183, 0.875
4184, 0.875
4185, 0.875
4186, 0.875
4187, 0.875
4188, 0.875
4189, 0.875
4190, 0.875
4191, 0.875
4192, 0.875
4193, 0.875
4194, 0.875
4195, 0.875
4196, 0.875
4197, 0.875
4198, 0.875
4199, 0.875
4200, 0.875
4201, 0.875
4202, 0.875
4203, 0.875
4204, 0.875
4205, 0.875
4206, 0.875
4207, 0.875
4208, 0.875
4209, 0.875
4210, 0.875
4211, 0.875
4212, 0.875
4213, 0.875
4214, 0.875
4215, 0.875
4216, 0.875
4217, 0.875
4218, 0.875
4219, 0.875
4220, 0.875
4221, 0.875
4222, 0.875
4223, 0.875
4224, 0.875
4225, 0.875
4226, 0.875
4227, 0.875
4228, 0.875
4229, 0.875
4230, 0.875
4231, 0.875
4232, 0.875
4233, 0.875
4234, 0.875
4235, 0.875
4236, 0.875
4237, 0.875
4238, 0.875
4239, 0.875
4240, 0.875
4241, 0.875
4242, 0.875
4243, 0.875
4244, 0.875
4245, 0.875
4246, 0.875
4247, 0.875
4248, 0.875
4249, 0.875
4250, 0.875
4251, 0.875
4252, 0.875
4253, 0.875
4254, 0.875
4255, 0.875
4256, 0.875
4257, 0.875
4258, 0.875
4259, 0.875
4260, 0.875
4261, 0.875
4262, 0.875
4263, 0.875
4264, 0.875
4265, 0.875
4266, 0.875
4267, 0.875
4268, 0.875
4269, 0.875
4270, 0.875
4271, 0.875
4272, 0.875
4273, 0.875
4274, 0.875
4275, 0.875
4276, 0.875
4277, 0.875
4278, 0.875
4279, 0.875
4280, 0.875
4281, 0.875
4282, 0.875
4283, 0.875
4284, 0.875
4285, 0.875
4286, 0.875
4287, 0.875
4288, 0.875
4289, 0.875
4290, 0.875
4291, 0.875
4292, 0.875
4293, 0.875
4294, 0.875
4295, 0.875
4296, 0.875
4297, 0.875
4298, 0.875
4299, 0.875
4300, 0.875
4301, 0.875
4302, 0.875
4303, 0.875
4304, 0.875
4305, 0.875
4306, 0.875
4307, 0.875
4308, 0.875
4309, 0.875
4310, 0.875
4311, 0.875
4312, 0.875
4313, 0.875
4314, 0.875
4315, 0.875
4316, 0.875
4317, 0.875
4318, 0.875
4319, 0.875
4320, 0.875
4321, 0.875
4322, 0.875
4323, 0.875
4324, 0.875
4325, 0.875
4326, 0.875
4327, 0.875
4328, 0.875
4329, 0.875
4330, 0.875
4331, 0.875
4332, 0.875
4333, 0.875
4334, 0.875
4335, 0.875
4336, 0.875
4337, 0.875
4338, 0.875
4339, 0.875
4340, 0.875
4341, 0.875
4342, 0.875
4343, 0.875
4344, 0.875
4345, 0.875
4346, 0.875
4347, 0.875
4348, 0.875
4349, 0.875
4350, 0.875
4351, 0.875
4352, 0.875
4353, 0.875
4354, 0.875
4355, 0.875
4356, 0.875
4357, 0.875
4358, 0.875
4359, 0.875
4360, 0.875
4361, 0.875
4362, 0.875
4363, 0.875
4364, 0.875
4365, 0.875
4366, 0.875
4367, 0.875
4368, 0.875
4369, 0.875
4370, 0.875
4371, 0.875
4372, 0.875
4373, 0.875
4374, 0.875
4375, 0.875
4376, 0.875
4377, 0.875
4378, 0.875
4379, 0.875
4380, 0.875
4381, 0.875
4382, 0.875
4383, 0.875
4384, 0.875
4385, 0.875
4386, 0.875
4387, 0.875
4388, 0.875
4389, 0.875
4390, 0.875
4391, 0.875
4392, 0.875
4393, 0.875
4394, 0.875
4395, 0.875
4396, 0.875
4397, 0.875
4398, 0.875
4399, 0.875
4400, 0.875
4401, 0.875
4402, 0.875
4403, 0.875
4404, 0.875
4405, 0.875
4406, 0.875
4407, 0.875
4408, 0.875
4409, 0.875
4410, 0.875
4411, 0.875
4412, 0.875
4413, 0.875
4414, 0.875
4415, 0.875
4416, 0.875
4417, 0.875
4418, 0.875
4419, 0.875
4420, 0.875
4421, 0.875
4422, 0.875
4423, 0.875
4424, 0.875
4425, 0.875
4426, 0.875
4427, 0.875
4428, 0.875
4429, 0.875
4430, 0.875
4431, 0.875
4432, 0.875
4433, 0.875
4434, 0.875
4435, 0.875
4436, 0.875
4437, 0.875
4438, 0.875
4439, 0.875
4440, 0.875
4441, 0.875
4442, 0.875
4443, 0.875
4444, 0.875
4445, 0.875
4446, 0.875
4447, 0.875
4448, 0.875
4449, 0.875
4450, 0.875
4451, 0.875
4452, 0.875
4453, 0.875
4454, 0.875
4455, 0.875
4456, 0.875
4457, 0.875
4458, 0.875
4459, 0.875
4460, 0.875
4461, 0.875
4462, 0.875
4463, 0.875
4464, 0.875
4465, 0.875
4466, 0.875
4467, 0.875
4468, 0.875
4469, 0.875
4470, 0.875
4471, 0.875
4472, 0.875
4473, 0.875
4474, 0.875
4475, 0.875
4476, 0.875
4477, 0.875
4478, 0.875
4479, 0.875
4480, 0.875
4481, 0.875
4482, 0.875
4483, 0.875
4484, 0.875
4485, 0.875
4486, 0.875
4487, 0.875
4488, 0.875
4489, 0.875
4490, 0.875
4491, 0.875
4492, 0.875
4493, 0.875
4494, 0.875
4495, 0.875
4496, 0.875
4497, 0.875
4498, 0.875
4499, 0.875
4500, 0.875
4501, 0.875
4502, 0.875
4503, 0.875
4504, 0.875
4505, 0.875
4506, 0.875
4507, 0.875
4508, 0.875
4509, 0.875
4510, 0.875
4511, 0.875
4512, 0.875
4513, 0.875
4514, 0.875
4515, 0.875
4516, 0.875
4517, 0.875
4518, 0.875
4519, 0.875
4520, 0.875
4521, 0.875
4522, 0.875
4523, 0.875
4524, 0.875
4525, 0.875
4526, 0.875
4527, 0.875
4528, 0.875
4529, 0.875
4530, 0.875
4531, 0.875
4532, 0.875
4533, 0.875
4534, 0.875
4535, 0.875
4536, 0.875
4537, 0.875
4538, 0.875
4539, 0.875
4540, 0.875
4541, 0.875
4542, 0.875
4543, 0.875
4544, 0.875
4545, 0.875
4546, 0.875
4547, 0.875
4548, 0.875
4549, 0.875
4550, 0.875
4551, 0.875
4552, 0.875
4553, 0.875
4554, 0.875
4555, 0.875
4556, 0.875
4557, 0.875
4558, 0.875
4559, 0.875
4560, 0.875
4561, 0.875
4562, 0.875
4563, 0.875
4564, 0.875
4565, 0.875
4566, 0.875
4567, 0.875
4568, 0.875
4569, 0.875
4570, 0.875
4571, 0.875
4572, 0.875
4573, 0.875
4574, 0.875
4575, 0.875
4576, 0.875
4577, 0.875
4578, 0.875
4579, 0.875
4580, 0.875
4581, 0.875
4582, 0.875
4583, 0.875
4584, 0.875
4585, 0.875
4586, 0.875
4587, 0.875
4588, 0.875
4589, 0.875
4590, 0.875
4591, 0.875
4592, 0.875
4593, 0.875
4594, 0.875
4595, 0.875
4596, 0.875
4597, 0.875
4598, 0.875
4599, 0.875
4600, 0.875
4601, 0.875
4602, 0.875
4603, 0.875
4604, 0.875
4605, 0.875
4606, 0.875
4607, 0.875
4608, 0.875
4609, 0.875
4610, 0.875
4611, 0.875
4612, 0.875
4613, 0.875
4614, 0.875
4615, 0.875
4616, 0.875
4617, 0.875
4618, 0.875
4619, 0.875
4620, 0.875
4621, 0.875
4622, 0.875
4623, 0.875
4624, 0.875
4625, 0.875
4626, 0.875
4627, 0.875
4628, 0.875
4629, 0.875
4630, 0.875
4631, 0.875
4632, 0.875
4633, 0.875
4634, 0.875
4635, 0.875
4636, 0.875
4637, 0.875
4638, 0.875
4639, 0.875
4640, 0.875
4641, 0.875
4642, 0.875
4643, 0.875
4644, 0.875
4645, 0.875
4646, 0.875
4647, 0.875
4648, 0.875
4649, 0.875
4650, 0.875
4651, 0.875
4652, 0.875
4653, 0.875
4654, 0.875
4655, 0.875
4656, 0.875
4657, 0.875
4658, 0.875
4659, 0.875
4660, 0.875
4661, 0.875
4662, 0.875
4663, 0.875
4664, 0.875
4665, 0.875
4666, 0.875
4667, 0.875
4668, 0.875
4669, 0.875
4670, 0.875
4671, 0.875
4672, 0.875
4673, 0.875
4674, 0.875
4675, 0.875
4676, 0.875
4677, 0.875
4678, 0.875
4679, 0.875
4680, 0.875
4681, 0.875
4682, 0.875
4683, 0.875
4684, 0.875
4685, 0.875
4686, 0.875
4687, 0.875
4688, 0.875
4689, 0.875
4690, 0.875
4691, 0.875
4692, 0.875
4693, 0.875
4694, 0.875
4695, 0.875
4696, 0.875
4697, 0.875
4698, 0.875
4699, 0.875
4700, 0.875
4701, 0.875
4702, 0.875
4703, 0.875
4704, 0.875
4705, 0.875
4706, 0.875
4707, 0.875
4708, 0.875
4709, 0.875
4710, 0.875
4711, 0.875
4712, 0.875
4713, 0.875
4714, 0.875
4715, 0.875
4716, 0.875
4717, 0.875
4718, 0.875
4719, 0.875
4720, 0.875
4721, 0.875
4722, 0.875
4723, 0.875
4724, 0.875
4725, 0.875
4726, 0.875
4727, 0.875
4728, 0.875
4729, 0.875
4730, 0.875
4731, 0.875
4732, 0.875
4733, 0.875
4734, 0.875
4735, 0.875
4736, 0.875
4737, 0.875
4738, 0.875
4739, 0.875
4740, 0.875
4741, 0.875
4742, 0.875
4743, 0.875
4744, 0.875
4745, 0.875
4746, 0.875
4747, 0.875
4748, 0.875
4749, 0.875
4750, 0.875
4751, 0.875
4752, 0.875
4753, 0.875
4754, 0.875
4755, 0.875
4756, 0.875
4757, 0.875
4758, 0.875
4759, 0.875
4760, 0.875
4761, 0.875
4762, 0.875
4763, 0.875
4764, 0.875
4765, 0.875
4766, 0.875
4767, 0.875
4768, 0.875
4769, 0.875
4770, 0.875
4771, 0.875
4772, 0.875
4773, 0.875
4774, 0.875
4775, 0.875
4776, 0.875
4777, 0.875
4778, 0.875
4779, 0.875
4780, 0.875
4781, 0.875
4782, 0.875
4783, 0.875
4784, 0.875
4785, 0.875
4786, 0.875
4787, 0.875
4788, 0.875
4789, 0.875
4790, 0.875
4791, 0.875
4792, 0.875
4793, 0.875
4794, 0.875
4795, 0.875
4796, 0.875
4797, 0.875
4798, 0.875
4799, 0.875
4800, 0.875
4801, 0.875
4802, 0.875
4803, 0.875
4804, 0.875
4805, 0.875
4806, 0.875
4807, 0.875
4808, 0.875
4809, 0.875
4810, 0.875
4811, 0.875
4812, 0.875
4813, 0.875
4814, 0.875
4815, 0.875
4816, 0.875
4817, 0.875
4818, 0.875
4819, 0.875
4820, 0.875
4821, 0.875
4822, 0.875
4823, 0.875
4824, 0.875
4825, 0.875
4826, 0.875
4827, 0.875
4828, 0.875
4829, 0.875
4830, 0.875
4831, 0.875
4832, 0.875
4833, 0.875
4834, 0.875
4835, 0.875
4836, 0.875
4837, 0.875
4838, 0.875
4839, 0.875
4840, 0.875
4841, 0.875
4842, 0.875
4843, 0.875
4844, 0.875
4845, 0.875
4846, 0.875
4847, 0.875
4848, 0.875
4849, 0.875
4850, 0.875
4851, 0.875
4852, 0.875
4853, 0.875
4854, 0.875
4855, 0.875
4856, 0.875
4857, 0.875
4858, 0.875
4859, 0.875
4860, 0.875
4861, 0.875
4862, 0.875
4863, 0.875
4864, 0.875
4865, 0.875
4866, 0.875
4867, 0.875
4868, 0.875
4869, 0.875
4870, 0.875
4871, 0.875
4872, 0.875
4873, 0.875
4874, 0.875
4875, 0.875
4876, 0.875
4877, 0.875
4878, 0.875
4879, 0.875
4880, 0.875
4881, 0.875
4882, 0.875
4883, 0.875
4884, 0.875
4885, 0.875
4886, 0.875
4887, 0.875
4888, 0.875
4889, 0.875
4890, 0.875
4891, 0.875
4892, 0.875
4893, 0.875
4894, 0.875
4895, 0.875
4896, 0.875
4897, 0.875
4898, 0.875
4899, 0.875
4900, 0.875
4901, 0.875
4902, 0.875
4903, 0.875
4904, 0.875
4905, 0.875
4906, 0.875
4907, 0.875
4908, 0.875
4909, 0.875
4910, 0.875
4911, 0.875
4912, 0.875
4913, 0.875
4914, 0.875
4915, 0.875
4916, 0.875
4917, 0.875
4918, 0.875
4919, 0.875
4920, 0.875
4921, 0.875
4922, 0.875
4923, 0.875
4924, 0.875
4925, 0.875
4926, 0.875
4927, 0.875
4928, 0.875
4929, 0.875
4930, 0.875
4931, 0.875
4932, 0.875
4933, 0.875
4934, 0.875
4935, 0.875
4936, 0.875
4937, 0.875
4938, 0.875
4939, 0.875
4940, 0.875
4941, 0.875
4942, 0.875
4943, 0.875
4944, 0.875
4945, 0.875
4946, 0.875
4947, 0.875
4948, 0.875
4949, 0.875
4950, 0.875
4951, 0.875
4952, 0.875
4953, 0.875
4954, 0.875
4955, 0.875
4956, 0.875
4957, 0.875
4958, 0.875
4959, 0.875
4960, 0.875
4961, 0.875
4962, 0.875
4963, 0.875
4964, 0.875
4965, 0.875
4966, 0.875
4967, 0.875
4968, 0.875
4969, 0.875
4970, 0.875
4971, 0.875
4972, 0.875
4973, 0.875
4974, 0.875
4975, 0.875
4976, 0.875
4977, 0.875
4978, 0.875
4979, 0.875
4980, 0.875
4981, 0.875
4982, 0.875
4983, 0.875
4984, 0.875
4985, 0.875
4986, 0.875
4987, 0.875
4988, 0.875
4989, 0.875
4990, 0.875
4991, 0.875
4992, 0.875
4993, 0.875
4994, 0.875
4995, 0.875
4996, 0.875
4997, 0.875
4998, 0.875
4999, 0.875
5000, 0.875
5001, 0.875
5002, 0.875
5003, 0.875
5004, 0.875
5005, 0.875
5006, 0.875
5007, 0.875
5008, 0.875
5009, 0.875
5010, 0.875
5011, 0.875
5012, 0.875
5013, 0.875
5014, 0.875
5015, 0.875
5016, 0.875
5017, 0.875
5018, 0.875
5019, 0.875
5020, 0.875
5021, 0.875
5022, 0.875
5023, 0.875
5024, 0.875
5025, 0.875
5026, 0.875
5027, 0.875
5028, 0.875
5029, 0.875
5030, 0.875
5031, 0.875
5032, 0.875
5033, 0.875
5034, 0.875
5035, 0.875
5036, 0.875
5037, 0.875
5038, 0.875
5039, 0.875
5040, 0.875
5041, 0.875
5042, 0.875
5043, 0.875
5044, 0.875
5045, 0.875
5046, 0.875
5047, 0.875
5048, 0.875
5049, 0.875
5050, 0.875
5051, 0.875
5052, 0.875
5053, 0.875
5054, 0.875
5055, 0.875
5056, 0.875
5057, 0.875
5058, 0.875
5059, 0.875
5060, 0.875
5061, 0.875
5062, 0.875
5063, 0.875
5064, 0.875
5065, 0.875
5066, 0.875
5067, 0.875
5068, 0.875
5069, 0.875
5070, 0.875
5071, 0.875
5072, 0.875
5073, 0.875
5074, 0.875
5075, 0.875
5076, 0.875
5077, 0.875
5078, 0.875
5079, 0.875
5080, 0.875
5081, 0.875
5082, 0.875
5083, 0.875
5084, 0.875
5085, 0.875
5086, 0.875
5087, 0.875
5088, 0.875
5089, 0.875
5090, 0.875
5091, 0.875
5092, 0.875
5093, 0.875
5094, 0.875
5095, 0.875
5096, 0.875
5097, 0.875
5098, 0.875
5099, 0.875
5100, 0.875
5101, 0.875
5102, 0.875
5103, 0.875
5104, 0.875
5105, 0.875
5106, 0.875
5107, 0.875
5108, 0.875
5109, 0.875
5110, 0.875
5111, 0.875
5112, 0.875
5113, 0.875
5114, 0.875
5115, 0.875
5116, 0.875
5117, 0.875
5118, 0.875
5119, 0.875
5120, 0.875
5121, 0.875
5122, 0.875
5123, 0.875
5124, 0.875
5125, 0.875
5126, 0.875
5127, 0.875
5128, 0.875
5129, 0.875
5130, 0.875
5131, 0.875
5132, 0.875
5133, 0.875
5134, 0.875
5135, 0.875
5136, 0.875
5137, 0.875
5138, 0.875
5139, 0.875
5140, 0.875
5141, 0.875
5142, 0.875
5143, 0.875
5144, 0.875
5145, 0.875
5146, 0.875
5147, 0.875
5148, 0.875
5149, 0.875
5150, 0.875
5151, 0.875
5152, 0.875
5153, 0.875
5154, 0.875
5155, 0.875
5156, 0.875
5157, 0.875
5158, 0.875
5159, 0.875
5160, 0.875
5161, 0.875
5162, 0.875
5163, 0.875
5164, 0.875
5165, 0.875
5166, 0.875
5167, 0.875
5168, 0.875
5169, 0.875
5170, 0.875
5171, 0.875
5172, 0.875
5173, 0.875
5174, 0.875
5175, 0.875
5176, 0.875
5177, 0.875
5178, 0.875
5179, 0.875
5180, 0.875
5181, 0.875
5182, 0.875
5183, 0.875
5184, 0.875
5185, 0.875
5186, 0.875
5187, 0.875
5188, 0.875
5189, 0.875
5190, 0.875
5191, 0.875
5192, 0.875
5193, 0.875
5194, 0.875
5195, 0.875
5196, 0.875
5197, 0.875
5198, 0.875
5199, 0.875
5200, 0.875
5201, 0.875
5202, 0.875
5203, 0.875
5204, 0.875
5205, 0.875
5206, 0.875
5207, 0.875
5208, 0.875
5209, 0.875
5210, 0.875
5211, 0.875
5212, 0.875
5213, 0.875
5214, 0.875
5215, 0.875
5216, 0.875
5217, 0.875
5218, 0.875
5219, 0.875
5220, 0.875
5221, 0.875
5222, 0.875
5223, 0.875
5224, 0.875
5225, 0.875
5226, 0.875
5227, 0.875
5228, 0.875
5229, 0.875
5230, 0.875
5231, 0.875
5232, 0.875
5233, 0.875
5234, 0.875
5235, 0.875
5236, 0.875
5237, 0.875
5238, 0.875
5239, 0.875
5240, 0.875
5241, 0.875
5242, 0.875
5243, 0.875
5244, 0.875
5245, 0.875
5246, 0.875
5247, 0.875
5248, 0.875
5249, 0.875
5250, 0.875
5251, 0.875
5252, 0.875
5253, 0.875
5254, 0.875
5255, 0.875
5256, 0.875
5257, 0.875
5258, 0.875
5259, 0.875
5260, 0.875
5261, 0.875
5262, 0.875
5263, 0.875
5264, 0.875
5265, 0.875
5266, 0.875
5267, 0.875
5268, 0.875
5269, 0.875
5270, 0.875
5271, 0.875
5272, 0.875
5273, 0.875
5274, 0.875
5275, 0.875
5276, 0.875
5277, 0.875
5278, 0.875
5279, 0.875
5280, 0.875
5281, 0.875
5282, 0.875
5283, 0.875
5284, 0.875
5285, 0.875
5286, 0.875
5287, 0.875
5288, 0.875
5289, 0.875
5290, 0.875
5291, 0.875
5292, 0.875
5293, 0.875
5294, 0.875
5295, 0.875
5296, 0.875
5297, 0.875
5298, 0.875
5299, 0.875
5300, 0.875
5301, 0.875
5302, 0.875
5303, 0.875
5304, 0.875
5305, 0.875
5306, 0.875
5307, 0.875
5308, 0.875
5309, 0.875
5310, 0.875
5311, 0.875
5312, 0.875
5313, 0.875
5314, 0.875
5315, 0.875
5316, 0.875
5317, 0.875
5318, 0.875
5319, 0.875
5320, 0.875
5321, 0.875
5322, 0.875
5323, 0.875
5324, 0.875
5325, 0.875
5326, 0.875
5327, 0.875
5328, 0.875
5329, 0.875
5330, 0.875
5331, 0.875
5332, 0.875
5333, 0.875
5334, 0.875
5335, 0.875
5336, 0.875
5337, 0.875
5338, 0.875
5339, 0.875
5340, 0.875
5341, 0.875
5342, 0.875
5343, 0.875
5344, 0.875
5345, 0.875
5346, 0.875
5347, 0.875
5348, 0.875
5349, 0.875
5350, 0.875
5351, 0.875
5352, 0.875
5353, 0.875
5354, 0.875
5355, 0.875
5356, 0.875
5357, 0.875
5358, 0.875
5359, 0.875
5360, 0.875
5361, 0.875
5362, 0.875
5363, 0.875
5364, 0.875
5365, 0.875
5366, 0.875
5367, 0.875
5368, 0.875
5369, 0.875
5370, 0.875
5371, 0.875
5372, 0.875
5373, 0.875
5374, 0.875
5375, 0.875
5376, 0.875
5377, 0.875
5378, 0.875
5379, 0.875
5380, 0.875
5381, 0.875
5382, 0.875
5383, 0.875
5384, 0.875
5385, 0.875
5386, 0.875
5387, 0.875
5388, 0.875
5389, 0.875
5390, 0.875
5391, 0.875
5392, 0.875
5393, 0.875
5394, 0.875
5395, 0.875
5396, 0.875
5397, 0.875
5398, 0.875
5399, 0.875
5400, 0.875
5401, 0.875
5402, 0.875
5403, 0.875
5404, 0.875
5405, 0.875
5406, 0.875
5407, 0.875
5408, 0.875
5409, 0.875
5410, 0.875
5411, 0.875
5412, 0.875
5413, 0.875
5414, 0.875
5415, 0.875
5416, 0.875
5417, 0.875
5418, 0.875
5419, 0.875
5420, 0.875
5421, 0.875
5422, 0.875
5423, 0.875
5424, 0.875
5425, 0.875
5426, 0.875
5427, 0.875
5428, 0.875
5429, 0.875
5430, 0.875
5431, 0.875
5432, 0.875
5433, 0.875
5434, 0.875
5435, 0.875
5436, 0.875
5437, 0.875
5438, 0.875
5439, 0.875
5440, 0.875
5441, 0.875
5442, 0.875
5443, 0.875
5444, 0.875
5445, 0.875
5446, 0.875
5447, 0.875
5448, 0.875
5449, 0.875
5450, 0.875
5451, 0.875
5452, 0.875
5453, 0.875
5454, 0.875
5455, 0.875
5456, 0.875
5457, 0.875
5458, 0.875
5459, 0.875
5460, 0.875
5461, 0.875
5462, 0.875
5463, 0.875
5464, 0.875
5465, 0.875
5466, 0.875
5467, 0.875
5468, 0.875
5469, 0.875
5470, 0.875
5471, 0.875
5472, 0.875
5473, 0.875
5474, 0.875
5475, 0.875
5476, 0.875
5477, 0.875
5478, 0.875
5479, 0.875
5480, 0.875
5481, 0.875
5482, 0.875
5483, 0.875
5484, 0.875
5485, 0.875
5486, 0.875
5487, 0.875
5488, 0.875
5489, 0.875
5490, 0.875
5491, 0.875
5492, 0.875
5493, 0.875
5494, 0.875
5495, 0.875
5496, 0.875
5497, 0.875
5498, 0.875
5499, 0.875
5500, 0.875
5501, 0.875
5502, 0.875
5503, 0.875
5504, 0.875
5505, 0.875
5506, 0.875
5507, 0.875
5508, 0.875
5509, 0.875
5510, 0.875
5511, 0.875
5512, 0.875
5513, 0.875
5514, 0.875
5515, 0.875
5516, 0.875
5517, 0.875
5518, 0.875
5519, 0.875
5520, 0.875
5521, 0.875
5522, 0.875
5523, 0.875
5524, 0.875
5525, 0.875
5526, 0.875
5527, 0.875
5528, 0.875
5529, 0.875
5530, 0.875
5531, 0.875
5532, 0.875
5533, 0.875
5534, 0.875
5535, 0.875
5536, 0.875
5537, 0.875
5538, 0.875
5539, 0.875
5540, 0.875
5541, 0.875
5542, 0.875
5543, 0.875
5544, 0.875
5545, 0.875
5546, 0.875
5547, 0.875
5548, 0.875
5549, 0.875
5550, 0.875
5551, 0.875
5552, 0.875
5553, 0.875
5554, 0.875
5555, 0.875
5556, 0.875
5557, 0.875
5558, 0.875
5559, 0.875
5560, 0.875
5561, 0.875
5562, 0.875
5563, 0.875
5564, 0.875
5565, 0.875
5566, 0.875
5567, 0.875
5568, 0.875
5569, 0.875
5570, 0.875
5571, 0.875
5572, 0.875
5573, 0.875
5574, 0.875
5575, 0.875
5576, 0.875
5577, 0.875
5578, 0.875
5579, 0.875
5580, 0.875
5581, 0.875
5582, 0.875
5583, 0.875
5584, 0.875
5585, 0.875
5586, 0.875
5587, 0.875
5588, 0.875
5589, 0.875
5590, 0.875
5591, 0.875
5592, 0.875
5593, 0.875
5594, 0.875
5595, 0.875
5596, 0.875
5597, 0.875
5598, 0.875
5599, 0.875
5600, 0.875
5601, 0.875
5602, 0.875
5603, 0.875
5604, 0.875
5605, 0.875
5606, 0.875
5607, 0.875
5608, 0.875
5609, 0.875
5610, 0.875
5611, 0.875
5612, 0.875
5613, 0.875
5614, 0.875
5615, 0.875
5616, 0.875
5617, 0.875
5618, 0.875
5619, 0.875
5620, 0.875
5621, 0.875
5622, 0.875
5623, 0.875
5624, 0.875
5625, 0.875
5626, 0.875
5627, 0.875
5628, 0.875
5629, 0.875
5630, 0.875
5631, 0.875
5632, 0.875
5633, 0.875
5634, 0.875
5635, 0.875
5636, 0.875
5637, 0.875
5638, 0.875
5639, 0.875
5640, 0.875
5641, 0.875
5642, 0.875
5643, 0.875
5644, 0.875
5645, 0.875
5646, 0.875
5647, 0.875
5648, 0.875
5649, 0.875
5650, 0.875
5651, 0.875
5652, 0.875
5653, 0.875
5654, 0.875
5655, 0.875
5656, 0.875
5657, 0.875
5658, 0.875
5659, 0.875
5660, 0.875
5661, 0.875
5662, 0.875
5663, 0.875
5664, 0.875
5665, 0.875
5666, 0.875
5667, 0.875
5668, 0.875
5669, 0.875
5670, 0.875
5671, 0.875
5672, 0.875
5673, 0.875
5674, 0.875
5675, 0.875
5676, 0.875
5677, 0.875
5678, 0.875
5679, 0.875
5680, 0.875
5681, 0.875
5682, 0.875
5683, 0.875
5684, 0.875
5685, 0.875
5686, 0.875
5687, 0.875
5688, 0.875
5689, 0.875
5690, 0.875
5691, 0.875
5692, 0.875
5693, 0.875
5694, 0.875
5695, 0.875
5696, 0.875
5697, 0.875
5698, 0.875
5699, 0.875
5700, 0.875
5701, 0.875
5702, 0.875
5703, 0.875
5704, 0.875
5705, 0.875
5706, 0.875
5707, 0.875
5708, 0.875
5709, 0.875
5710, 0.875
5711, 0.875
5712, 0.875
5713, 0.875
5714, 0.875
5715, 0.875
5716, 0.875
5717, 0.875
5718, 0.875
5719, 0.875
5720, 0.875
5721, 0.875
5722, 0.875
5723, 0.875
5724, 0.875
5725, 0.875
5726, 0.875
5727, 0.875
5728, 0.875
5729, 0.875
5730, 0.875
5731, 0.875
5732, 0.875
5733, 0.875
5734, 0.875
5735, 0.875
5736, 0.875
5737, 0.875
5738, 0.875
5739, 0.875
5740, 0.875
5741, 0.875
5742, 0.875
5743, 0.875
5744, 0.875
5745, 0.875
5746, 0.875
5747, 0.875
5748, 0.875
5749, 0.875
5750, 0.875
5751, 0.875
5752, 0.875
5753, 0.875
5754, 0.875
5755, 0.875
5756, 0.875
5757, 0.875
5758, 0.875
5759, 0.875
5760, 0.875
5761, 0.875
5762, 0.875
5763, 0.875
5764, 0.875
5765, 0.875
5766, 0.875
5767, 0.875
5768, 0.875
5769, 0.875
5770, 0.875
5771, 0.875
5772, 0.875
5773, 0.875
5774, 0.875
5775, 0.875
5776, 0.875
5777, 0.875
5778, 0.875
5779, 0.875
5780, 0.875
5781, 0.875
5782, 0.875
5783, 0.875
5784, 0.875
5785, 0.875
5786, 0.875
5787, 0.875
5788, 0.875
5789, 0.875
5790, 0.875
5791, 0.875
5792, 0.875
5793, 0.875
5794, 0.875
5795, 0.875
5796, 0.875
5797, 0.875
5798, 0.875
5799, 0.875
5800, 0.875
5801, 0.875
5802, 0.875
5803, 0.875
5804, 0.875
5805, 0.875
5806, 0.875
5807, 0.875
5808, 0.875
5809, 0.875
5810, 0.875
5811, 0.875
5812, 0.875
5813, 0.875
5814, 0.875
5815, 0.875
5816, 0.875
5817, 0.875
5818, 0.875
5819, 0.875
5820, 0.875
5821, 0.875
5822, 0.875
5823, 0.875
5824, 0.875
5825, 0.875
5826, 0.875
5827, 0.875
5828, 0.875
5829, 0.875
5830, 0.875
5831, 0.875
5832, 0.875
5833, 0.875
5834, 0.875
5835, 0.875
5836, 0.875
5837, 0.875
5838, 0.875
5839, 0.875
5840, 0.875
5841, 0.875
5842, 0.875
5843, 0.875
5844, 0.875
5845, 0.875
5846, 0.875
5847, 0.875
5848, 0.875
5849, 0.875
5850, 0.875
5851, 0.875
5852, 0.875
5853, 0.875
5854, 0.875
5855, 0.875
5856, 0.875
5857, 0.875
5858, 0.875
5859, 0.875
5860, 0.875
5861, 0.875
5862, 0.875
5863, 0.875
5864, 0.875
5865, 0.875
5866, 0.875
5867, 0.875
5868, 0.875
5869, 0.875
5870, 0.875
5871, 0.875
5872, 0.875
5873, 0.875
5874, 0.875
5875, 0.875
5876, 0.875
5877, 0.875
5878, 0.875
5879, 0.875
5880, 0.875
5881, 0.875
5882, 0.875
5883, 0.875
5884, 0.875
5885, 0.875
5886, 0.875
5887, 0.875
5888, 0.875
5889, 0.875
5890, 0.875
5891, 0.875
5892, 0.875
5893, 0.875
5894, 0.875
5895, 0.875
5896, 0.875
5897, 0.875
5898, 0.875
5899, 0.875
5900, 0.875
5901, 0.875
5902, 0.875
5903, 0.875
5904, 0.875
5905, 0.875
5906, 0.875
5907, 0.875
5908, 0.875
5909, 0.875
5910, 0.875
5911, 0.875
5912, 0.875
5913, 0.875
5914, 0.875
5915, 0.875
5916, 0.875
5917, 0.875
5918, 0.875
5919, 0.875
5920, 0.875
5921, 0.875
5922, 0.875
5923, 0.875
5924, 0.875
5925, 0.875
5926, 0.875
5927, 0.875
5928, 0.875
5929, 0.875
5930, 0.875
5931, 0.875
5932, 0.875
5933, 0.875
5934, 0.875
5935, 0.875
5936, 0.875
5937, 0.875
5938, 0.875
5939, 0.875
5940, 0.875
5941, 0.875
5942, 0.875
5943, 0.875
5944, 0.875
5945, 0.875
5946, 0.875
5947, 0.875
5948, 0.875
5949, 0.875
5950, 0.875
5951, 0.875
5952, 0.875
5953, 0.875
5954, 0.875
5955, 0.875
5956, 0.875
5957, 0.875
5958, 0.875
5959, 0.875
5960, 0.875
5961, 0.875
5962, 0.875
5963, 0.875
5964, 0.875
5965, 0.875
5966, 0.875
5967, 0.875
5968, 0.875
5969, 0.875
5970, 0.875
5971, 0.875
5972, 0.875
5973, 0.875
5974, 0.875
5975, 0.875
5976, 0.875
5977, 0.875
5978, 0.875
5979, 0.875
5980, 0.875
5981, 0.875
5982, 0.875
5983, 0.875
5984, 0.875
5985, 0.875
5986, 0.875
5987, 0.875
5988, 0.875
5989, 0.875
5990, 0.875
5991, 0.875
5992, 0.875
5993, 0.875
5994, 0.875
5995, 0.875
5996, 0.875
5997, 0.875
5998, 0.875
5999, 0.875
6000, 0.875
6001, 0.875
6002, 0.875
6003, 0.875
6004, 0.875
6005, 0.875
6006, 0.875
6007, 0.875
6008, 0.875
6009, 0.875
6010, 0.875
6011, 0.875
6012, 0.875
6013, 0.875
6014, 0.875
6015, 0.875
6016, 0.875
6017, 0.875
6018, 0.875
6019, 0.875
6020, 0.875
6021, 0.875
6022, 0.875
6023, 0.875
6024, 0.875
6025, 0.875
6026, 0.875
6027, 0.875
6028, 0.875
6029, 0.875
6030, 0.875
6031, 0.875
6032, 0.875
6033, 0.875
6034, 0.875
6035, 0.875
6036, 0.875
6037, 0.875
6038, 0.875
6039, 0.875
6040, 0.875
6041, 0.875
6042, 0.875
6043, 0.875
6044, 0.875
6045, 0.875
6046, 0.875
6047, 0.875
6048, 0.875
6049, 0.875
6050, 0.875
6051, 0.875
6052, 0.875
6053, 0.875
6054, 0.875
6055, 0.875
6056, 0.875
6057, 0.875
6058, 0.875
6059, 0.875
6060, 0.875
6061, 0.875
6062, 0.875
6063, 0.875
6064, 0.875
6065, 0.875
6066, 0.875
6067, 0.875
6068, 0.875
6069, 0.875
6070, 0.875
6071, 0.875
6072, 0.875
6073, 0.875
6074, 0.875
6075, 0.875
6076, 0.875
6077, 0.875
6078, 0.875
6079, 0.875
6080, 0.875
6081, 0.875
6082, 0.875
6083, 0.875
6084, 0.875
6085, 0.875
6086, 0.875
6087, 0.875
6088, 0.875
6089, 0.875
6090, 0.875
6091, 0.875
6092, 0.875
6093, 0.875
6094, 0.875
6095, 0.875
6096, 0.875
6097, 0.875
6098, 0.875
6099, 0.875
6100, 0.875
6101, 0.875
6102, 0.875
6103, 0.875
6104, 0.875
6105, 0.875
6106, 0.875
6107, 0.875
6108, 0.875
6109, 0.875
6110, 0.875
6111, 0.875
6112, 0.875
6113, 0.875
6114, 0.875
6115, 0.875
6116, 0.875
6117, 0.875
6118, 0.875
6119, 0.875
6120, 0.875
6121, 0.875
6122, 0.875
6123, 0.875
6124, 0.875
6125, 0.875
6126, 0.875
6127, 0.875
6128, 0.875
6129, 0.875
6130, 0.875
6131, 0.875
6132, 0.875
6133, 0.875
6134, 0.875
6135, 0.875
6136, 0.875
6137, 0.875
6138, 0.875
6139, 0.875
6140, 0.875
6141, 0.875
6142, 0.875
6143, 0.875
6144, 0.875
6145, 0.875
6146, 0.875
6147, 0.875
6148, 0.875
6149, 0.875
6150, 0.875
6151, 0.875
6152, 0.875
6153, 0.875
6154, 0.875
6155, 0.875
6156, 0.875
6157, 0.875
6158, 0.875
6159, 0.875
6160, 0.875
6161, 0.875
6162, 0.875
6163, 0.875
6164, 0.875
6165, 0.875
6166, 0.875
6167, 0.875
6168, 0.875
6169, 0.875
6170, 0.875
6171, 0.875
6172, 0.875
6173, 0.875
6174, 0.875
6175, 0.875
6176, 0.875
6177, 0.875
6178, 0.875
6179, 0.875
6180, 0.875
6181, 0.875
6182, 0.875
6183, 0.875
6184, 0.875
6185, 0.875
6186, 0.875
6187, 0.875
6188, 0.875
6189, 0.875
6190, 0.875
6191, 0.875
6192, 0.875
6193, 0.875
6194, 0.875
6195, 0.875
6196, 0.875
6197, 0.875
6198, 0.875
6199, 0.875
6200, 0.875
6201, 0.875
6202, 0.875
6203, 0.875
6204, 0.875
6205, 0.875
6206, 0.875
6207, 0.875
6208, 0.875
6209, 0.875
6210, 0.875
6211, 0.875
6212, 0.875
6213, 0.875
6214, 0.875
6215, 0.875
6216, 0.875
6217, 0.875
6218, 0.875
6219, 0.875
6220, 0.875
6221, 0.875
6222, 0.875
6223, 0.875
6224, 0.875
6225, 0.875
6226, 0.875
6227, 0.875
6228, 0.875
6229, 0.875
6230, 0.875
6231, 0.875
6232, 0.875
6233, 0.875
6234, 0.875
6235, 0.875
6236, 0.875
6237, 0.875
6238, 0.875
6239, 0.875
6240, 0.875
6241, 0.875
6242, 0.875
6243, 0.875
6244, 0.875
6245, 0.875
6246, 0.875
6247, 0.875
6248, 0.875
6249, 0.875
6250, 0.875
6251, 0.875
6252, 0.875
6253, 0.875
6254, 0.875
6255, 0.875
6256, 0.875
6257, 0.875
6258, 0.875
6259, 0.875
6260, 0.875
6261, 0.875
6262, 0.875
6263, 0.875
6264, 0.875
6265, 0.875
6266, 0.875
6267, 0.875
6268, 0.875
6269, 0.875
6270, 0.875
6271, 0.875
6272, 0.875
6273, 0.875
6274, 0.875
6275, 0.875
6276, 0.875
6277, 0.875
6278, 0.875
6279, 0.875
6280, 0.875
6281, 0.875
6282, 0.875
6283, 0.875
6284, 0.875
6285, 0.875
6286, 0.875
6287, 0.875
6288, 0.875
6289, 0.875
6290, 0.875
6291, 0.875
6292, 0.875
6293, 0.875
6294, 0.875
6295, 0.875
6296, 0.875
6297, 0.875
6298, 0.875
6299, 0.875
6300, 0.875
6301, 0.875
6302, 0.875
6303, 0.875
6304, 0.875
6305, 0.875
6306, 0.875
6307, 0.875
6308, 0.875
6309, 0.875
6310, 0.875
6311, 0.875
6312, 0.875
6313, 0.875
6314, 0.875
6315, 0.875
6316, 0.875
6317, 0.875
6318, 0.875
6319, 0.875
6320, 0.875
6321, 0.875
6322, 0.875
6323, 0.875
6324, 0.875
6325, 0.875
6326, 0.875
6327, 0.875
6328, 0.875
6329, 0.875
6330, 0.875
6331, 0.875
6332, 0.875
6333, 0.875
6334, 0.875
6335, 0.875
6336, 0.875
6337, 0.875
6338, 0.875
6339, 0.875
6340, 0.875
6341, 0.875
6342, 0.875
6343, 0.875
6344, 0.875
6345, 0.875
6346, 0.875
6347, 0.875
6348, 0.875
6349, 0.875
6350, 0.875
6351, 0.875
6352, 0.875
6353, 0.875
6354, 0.875
6355, 0.875
6356, 0.875
6357, 0.875
6358, 0.875
6359, 0.875
6360, 0.875
6361, 0.875
6362, 0.875
6363, 0.875
6364, 0.875
6365, 0.875
6366, 0.875
6367, 0.875
6368, 0.875
6369, 0.875
6370, 0.875
6371, 0.875
6372, 0.875
6373, 0.875
6374, 0.875
6375, 0.875
6376, 0.875
6377, 0.875
6378, 0.875
6379, 0.875
6380, 0.875
6381, 0.875
6382, 0.875
6383, 0.875
6384, 0.875
6385, 0.875
6386, 0.875
6387, 0.875
6388, 0.875
6389, 0.875
6390, 0.875
6391, 0.875
6392, 0.875
6393, 0.875
6394, 0.875
6395, 0.875
6396, 0.875
6397, 0.875
6398, 0.875
6399, 0.875
6400, 0.875
6401, 0.875
6402, 0.875
6403, 0.875
6404, 0.875
6405, 0.875
6406, 0.875
6407, 0.875
6408, 0.875
6409, 0.875
6410, 0.875
6411, 0.875
6412, 0.875
6413, 0.875
6414, 0.875
6415, 0.875
6416, 0.875
6417, 0.875
6418, 0.875
6419, 0.875
6420, 0.875
6421, 0.875
6422, 0.875
6423, 0.875
6424, 0.875
6425, 0.875
6426, 0.875
6427, 0.875
6428, 0.875
6429, 0.875
6430, 0.875
6431, 0.875
6432, 0.875
6433, 0.875
6434, 0.875
6435, 0.875
6436, 0.875
6437, 0.875
6438, 0.875
6439, 0.875
6440, 0.875
6441, 0.875
6442, 0.875
6443, 0.875
6444, 0.875
6445, 0.875
6446, 0.875
6447, 0.875
6448, 0.875
6449, 0.875
6450, 0.875
6451, 0.875
6452, 0.875
6453, 0.875
6454, 0.875
6455, 0.875
6456, 0.875
6457, 0.875
6458, 0.875
6459, 0.875
6460, 0.875
6461, 0.875
6462, 0.875
6463, 0.875
6464, 0.875
6465, 0.875
6466, 0.875
6467, 0.875
6468, 0.875
6469, 0.875
6470, 0.875
6471, 0.875
6472, 0.875
6473, 0.875
6474, 0.875
6475, 0.875
6476, 0.875
6477, 0.875
6478, 0.875
6479, 0.875
6480, 0.875
6481, 0.875
6482, 0.875
6483, 0.875
6484, 0.875
6485, 0.875
6486, 0.875
6487, 0.875
6488, 0.875
6489, 0.875
6490, 0.875
6491, 0.875
6492, 0.875
6493, 0.875
6494, 0.875
6495, 0.875
6496, 0.875
6497, 0.875
6498, 0.875
6499, 0.875
6500, 0.875
6501, 0.875
6502, 0.875
6503, 0.875
6504, 0.875
6505, 0.875
6506, 0.875
6507, 0.875
6508, 0.875
6509, 0.875
6510, 0.875
6511, 0.875
6512, 0.875
6513, 0.875
6514, 0.875
6515, 0.875
6516, 0.875
6517, 0.875
6518, 0.875
6519, 0.875
6520, 0.875
6521, 0.875
6522, 0.875
6523, 0.875
6524, 0.875
6525, 0.875
6526, 0.875
6527, 0.875
6528, 0.875
6529, 0.875
6530, 0.875
6531, 0.875
6532, 0.875
6533, 0.875
6534, 0.875
6535, 0.875
6536, 0.875
6537, 0.875
6538, 0.875
6539, 0.875
6540, 0.875
6541, 0.875
6542, 0.875
6543, 0.875
6544, 0.875
6545, 0.875
6546, 0.875
6547, 0.875
6548, 0.875
6549, 0.875
6550, 0.875
6551, 0.875
6552, 0.875
6553, 0.875
6554, 0.875
6555, 0.875
6556, 0.875
6557, 0.875
6558, 0.875
6559, 0.875
6560, 0.875
6561, 0.875
6562, 0.875
6563, 0.875
6564, 0.875
6565, 0.875
6566, 0.875
6567, 0.875
6568, 0.875
6569, 0.875
6570, 0.875
6571, 0.875
6572, 0.875
6573, 0.875
6574, 0.875
6575, 0.875
6576, 0.875
6577, 0.875
6578, 0.875
6579, 0.875
6580, 0.875
6581, 0.875
6582, 0.875
6583, 0.875
6584, 0.875
6585, 0.875
6586, 0.875
6587, 0.875
6588, 0.875
6589, 0.875
6590, 0.875
6591, 0.875
6592, 0.875
6593, 0.875
6594, 0.875
6595, 0.875
6596, 0.875
6597, 0.875
6598, 0.875
6599, 0.875
6600, 0.875
6601, 0.875
6602, 0.875
6603, 0.875
6604, 0.875
6605, 0.875
6606, 0.875
6607, 0.875
6608, 0.875
6609, 0.875
6610, 0.875
6611, 0.875
6612, 0.875
6613, 0.875
6614, 0.875
6615, 0.875
6616, 0.875
6617, 0.875
6618, 0.875
6619, 0.875
6620, 0.875
6621, 0.875
6622, 0.875
6623, 0.875
6624, 0.875
6625, 0.875
6626, 0.875
6627, 0.875
6628, 0.875
6629, 0.875
6630, 0.875
6631, 0.875
6632, 0.875
6633, 0.875
6634, 0.875
6635, 0.875
6636, 0.875
6637, 0.875
6638, 0.875
6639, 0.875
6640, 0.875
6641, 0.875
6642, 0.875
6643, 0.875
6644, 0.875
6645, 0.875
6646, 0.875
6647, 0.875
6648, 0.875
6649, 0.875
6650, 0.875
6651, 0.875
6652, 0.875
6653, 0.875
6654, 0.875
6655, 0.875
6656, 0.875
6657, 0.875
6658, 0.875
6659, 0.875
6660, 0.875
6661, 0.875
6662, 0.875
6663, 0.875
6664, 0.875
6665, 0.875
6666, 0.875
6667, 0.875
6668, 0.875
6669, 0.875
6670, 0.875
6671, 0.875
6672, 0.875
6673, 0.875
6674, 0.875
6675, 0.875
6676, 0.875
6677, 0.875
6678, 0.875
6679, 0.875
6680, 0.875
6681, 0.875
6682, 0.875
6683, 0.875
6684, 0.875
6685, 0.875
6686, 0.875
6687, 0.875
6688, 0.875
6689, 0.875
6690, 0.875
6691, 0.875
6692, 0.875
6693, 0.875
6694, 0.875
6695, 0.875
6696, 0.875
6697, 0.875
6698, 0.875
6699, 0.875
6700, 0.875
6701, 0.875
6702, 0.875
6703, 0.875
6704, 0.875
6705, 0.875
6706, 0.875
6707, 0.875
6708, 0.875
6709, 0.875
6710, 0.875
6711, 0.875
6712, 0.875
6713, 0.875
6714, 0.875
6715, 0.875
6716, 0.875
6717, 0.875
6718, 0.875
6719, 0.875
6720, 0.875
6721, 0.875
6722, 0.875
6723, 0.875
6724, 0.875
6725, 0.875
6726, 0.875
6727, 0.875
6728, 0.875
6729, 0.875
6730, 0.875
6731, 0.875
6732, 0.875
6733, 0.875
6734, 0.875
6735, 0.875
6736, 0.875
6737, 0.875
6738, 0.875
6739, 0.875
6740, 0.875
6741, 0.875
6742, 0.875
6743, 0.875
6744, 0.875
6745, 0.875
6746, 0.875
6747, 0.875
6748, 0.875
6749, 0.875
6750, 0.875
6751, 0.875
6752, 0.875
6753, 0.875
6754, 0.875
6755, 0.875
6756, 0.875
6757, 0.875
6758, 0.875
6759, 0.875
6760, 0.875
6761, 0.875
6762, 0.875
6763, 0.875
6764, 0.875
6765, 0.875
6766, 0.875
6767, 0.875
6768, 0.875
6769, 0.875
6770, 0.875
6771, 0.875
6772, 0.875
6773, 0.875
6774, 0.875
6775, 0.875
6776, 0.875
6777, 0.875
6778, 0.875
6779, 0.875
6780, 0.875
6781, 0.875
6782, 0.875
6783, 0.875
6784, 0.875
6785, 0.875
6786, 0.875
6787, 0.875
6788, 0.875
6789, 0.875
6790, 0.875
6791, 0.875
6792, 0.875
6793, 0.875
6794, 0.875
6795, 0.875
6796, 0.875
6797, 0.875
6798, 0.875
6799, 0.875
6800, 0.875
6801, 0.875
6802, 0.875
6803, 0.875
6804, 0.875
6805, 0.875
6806, 0.875
6807, 0.875
6808, 0.875
6809, 0.875
6810, 0.875
6811, 0.875
6812, 0.875
6813, 0.875
6814, 0.875
6815, 0.875
6816, 0.875
6817, 0.875
6818, 0.875
6819, 0.875
6820, 0.875
6821, 0.875
6822, 0.875
6823, 0.875
6824, 0.875
6825, 0.875
6826, 0.875
6827, 0.875
6828, 0.875
6829, 0.875
6830, 0.875
6831, 0.875
6832, 0.875
6833, 0.875
6834, 0.875
6835, 0.875
6836, 0.875
6837, 0.875
6838, 0.875
6839, 0.875
6840, 0.875
6841, 0.875
6842, 0.875
6843, 0.875
6844, 0.875
6845, 0.875
6846, 0.875
6847, 0.875
6848, 0.875
6849, 0.875
6850, 0.875
6851, 0.875
6852, 0.875
6853, 0.875
6854, 0.875
6855, 0.875
6856, 0.875
6857, 0.875
6858, 0.875
6859, 0.875
6860, 0.875
6861, 0.875
6862, 0.875
6863, 0.875
6864, 0.875
6865, 0.875
6866, 0.875
6867, 0.875
6868, 0.875
6869, 0.875
6870, 0.875
6871, 0.875
6872, 0.875
6873, 0.875
6874, 0.875
6875, 0.875
6876, 0.875
6877, 0.875
6878, 0.875
6879, 0.875
6880, 0.875
6881, 0.875
6882, 0.875
6883, 0.875
6884, 0.875
6885, 0.875
6886, 0.875
6887, 0.875
6888, 0.875
6889, 0.875
6890, 0.875
6891, 0.875
6892, 0.875
6893, 0.875
6894, 0.875
6895, 0.875
6896, 0.875
6897, 0.875
6898, 0.875
6899, 0.875
6900, 0.875
6901, 0.875
6902, 0.875
6903, 0.875
6904, 0.875
6905, 0.875
6906, 0.875
6907, 0.875
6908, 0.875
6909, 0.875
6910, 0.875
6911, 0.875
6912, 0.875
6913, 0.875
6914, 0.875
6915, 0.875
6916, 0.875
6917, 0.875
6918, 0.875
6919, 0.875
6920, 0.875
6921, 0.875
6922, 0.875
6923, 0.875
6924, 0.875
6925, 0.875
6926, 0.875
6927, 0.875
6928, 0.875
6929, 0.875
6930, 0.875
6931, 0.875
6932, 0.875
6933, 0.875
6934, 0.875
6935, 0.875
6936, 0.875
6937, 0.875
6938, 0.875
6939, 0.875
6940, 0.875
6941, 0.875
6942, 0.875
6943, 0.875
6944, 0.875
6945, 0.875
6946, 0.875
6947, 0.875
6948, 0.875
6949, 0.875
6950, 0.875
6951, 0.875
6952, 0.875
6953, 0.875
6954, 0.875
6955, 0.875
6956, 0.875
6957, 0.875
6958, 0.875
6959, 0.875
6960, 0.875
6961, 0.875
6962, 0.875
6963, 0.875
6964, 0.875
6965, 0.875
6966, 0.875
6967, 0.875
6968, 0.875
6969, 0.875
6970, 0.875
6971, 0.875
6972, 0.875
6973, 0.875
6974, 0.875
6975, 0.875
6976, 0.875
6977, 0.875
6978, 0.875
6979, 0.875
6980, 0.875
6981, 0.875
6982, 0.875
6983, 0.875
6984, 0.875
6985, 0.875
6986, 0.875
6987, 0.875
6988, 0.875
6989, 0.875
6990, 0.875
6991, 0.875
6992, 0.875
6993, 0.875
6994, 0.875
6995, 0.875
6996, 0.875
6997, 0.875
6998, 0.875
6999, 0.875
7000, 0.875
7001, 0.875
7002, 0.875
7003, 0.875
7004, 0.875
7005, 0.875
7006, 0.875
7007, 0.875
7008, 0.875
7009, 0.875
7010, 0.875
7011, 0.875
7012, 0.875
7013, 0.875
7014, 0.875
7015, 0.875
7016, 0.875
7017, 0.875
7018, 0.875
7019, 0.875
7020, 0.875
7021, 0.875
7022, 0.875
7023, 0.875
7024, 0.875
7025, 0.875
7026, 0.875
7027, 0.875
7028, 0.875
7029, 0.875
7030, 0.875
7031, 0.875
7032, 0.875
7033, 0.875
7034, 0.875
7035, 0.875
7036, 0.875
7037, 0.875
7038, 0.875
7039, 0.875
7040, 0.875
7041, 0.875
7042, 0.875
7043, 0.875
7044, 0.875
7045, 0.875
7046, 0.875
7047, 0.875
7048, 0.875
7049, 0.875
7050, 0.875
7051, 0.875
7052, 0.875
7053, 0.875
7054, 0.875
7055, 0.875
7056, 0.875
7057, 0.875
7058, 0.875
7059, 0.875
7060, 0.875
7061, 0.875
7062, 0.875
7063, 0.875
7064, 0.875
7065, 0.875
7066, 0.875
7067, 0.875
7068, 0.875
7069, 0.875
7070, 0.875
7071, 0.875
7072, 0.875
7073, 0.875
7074, 0.875
7075, 0.875
7076, 0.875
7077, 0.875
7078, 0.875
7079, 0.875
7080, 0.875
7081, 0.875
7082, 0.875
7083, 0.875
7084, 0.875
7085, 0.875
7086, 0.875
7087, 0.875
7088, 0.875
7089, 0.875
7090, 0.875
7091, 0.875
7092, 0.875
7093, 0.875
7094, 0.875
7095, 0.875
7096, 0.875
7097, 0.875
7098, 0.875
7099, 0.875
7100, 0.875
7101, 0.875
7102, 0.875
7103, 0.875
7104, 0.875
7105, 0.875
7106, 0.875
7107, 0.875
7108, 0.875
7109, 0.875
7110, 0.875
7111, 0.875
7112, 0.875
7113, 0.875
7114, 0.875
7115, 0.875
7116, 0.875
7117, 0.875
7118, 0.875
7119, 0.875
7120, 0.875
7121, 0.875
7122, 0.875
7123, 0.875
7124, 0.875
7125, 0.875
7126, 0.875
7127, 0.875
7128, 0.875
7129, 0.875
7130, 0.875
7131, 0.875
7132, 0.875
7133, 0.875
7134, 0.875
7135, 0.875
7136, 0.875
7137, 0.875
7138, 0.875
7139, 0.875
7140, 0.875
7141, 0.875
7142, 0.875
7143, 0.875
7144, 0.875
7145, 0.875
7146, 0.875
7147, 0.875
7148, 0.875
7149, 0.875
7150, 0.875
7151, 0.875
7152, 0.875
7153, 0.875
7154, 0.875
7155, 0.875
7156, 0.875
7157, 0.875
7158, 0.875
7159, 0.875
7160, 0.875
7161, 0.875
7162, 0.875
7163, 0.875
7164, 0.875
7165, 0.875
7166, 0.875
7167, 0.875
7168, 0.875
7169, 0.875
7170, 0.875
7171, 0.875
7172, 0.875
7173, 0.875
7174, 0.875
7175, 0.875
7176, 0.875
7177, 0.875
7178, 0.875
7179, 0.875
7180, 0.875
7181, 0.875
7182, 0.875
7183, 0.875
7184, 0.875
7185, 0.875
7186, 0.875
7187, 0.875
7188, 0.875
7189, 0.875
7190, 0.875
7191, 0.875
7192, 0.875
7193, 0.875
7194, 0.875
7195, 0.875
7196, 0.875
7197, 0.875
7198, 0.875
7199, 0.875
7200, 0.875
7201, 0.875
7202, 0.875
7203, 0.875
7204, 0.875
7205, 0.875
7206, 0.875
7207, 0.875
7208, 0.875
7209, 0.875
7210, 0.875
7211, 0.875
7212, 0.875
7213, 0.875
7214, 0.875
7215, 0.875
7216, 0.875
7217, 0.875
7218, 0.875
7219, 0.875
7220, 0.875
7221, 0.875
7222, 0.875
7223, 0.875
7224, 0.875
7225, 0.875
7226, 0.875
7227, 0.875
7228, 0.875
7229, 0.875
7230, 0.875
7231, 0.875
7232, 0.875
7233, 0.875
7234, 0.875
7235, 0.875
7236, 0.875
7237, 0.875
7238, 0.875
7239, 0.875
7240, 0.875
7241, 0.875
7242, 0.875
7243, 0.875
7244, 0.875
7245, 0.875
7246, 0.875
7247, 0.875
7248, 0.875
7249, 0.875
